Id,Category
0,3
1,2
2,2
3,1
4,3
5,3
6,3
7,1
8,1
9,2
10,2
11,1
12,1
13,2
14,1
15,1
16,2
17,2
18,3
19,1
20,1
21,1
22,2
23,1
24,1
25,2
26,1
27,1
28,2
29,1
30,3
31,1
32,2
33,3
34,2
35,3
36,1
37,1
38,1
39,1
40,2
41,1
42,2
43,1
44,3
45,2
46,3
47,1
48,2
49,1
50,1
51,1
52,2
53,1
54,1
55,3
56,1
57,1
58,1
59,2
60,1
61,1
62,3
63,1
64,1
65,1
66,1
67,2
68,1
69,1
70,1
71,1
72,2
73,1
74,2
75,3
76,2
77,2
78,3
79,2
80,1
81,2
82,2
83,2
84,2
85,1
86,1
87,3
88,2
89,1
90,3
91,2
92,1
93,1
94,1
95,1
96,1
97,2
98,1
99,2
100,1
101,3
102,1
103,2
104,3
105,2
106,3
107,2
108,2
109,1
110,3
111,3
112,3
113,1
114,3
115,2
116,1
117,2
118,3
119,2
120,1
121,3
122,2
123,3
124,2
125,2
126,3
127,3
128,3
129,1
130,1
131,3
132,1
133,3
134,2
135,3
136,3
137,3
138,1
139,2
140,3
141,1
142,3
143,2
144,1
145,1
146,3
147,2
148,2
149,2
150,2
151,1
152,2
153,3
154,2
155,1
156,2
157,3
158,2
159,3
160,3
161,3
162,2
163,1
164,2
165,2
166,3
167,1
168,3
169,2
170,3
171,2
172,1
173,3
174,1
175,3
176,3
177,1
178,2
179,1
180,3
181,1
182,2
183,1
184,2
185,1
186,3
187,2
188,3
189,1
190,2
191,3
192,1
193,1
194,2
195,3
196,3
197,3
198,3
199,1
200,1
201,1
202,3
203,1
204,2
205,3
206,2
207,3
208,3
209,3
210,2
211,3
212,2
213,3
214,3
215,3
216,3
217,3
218,1
219,3
220,3
221,3
222,3
223,3
224,2
225,3
226,2
227,2
228,1
229,2
230,2
231,3
232,3
233,2
234,3
235,3
236,3
237,3
238,3
239,3
240,2
241,3
242,3
243,3
244,3
245,2
246,3
247,3
248,3
249,3
250,3
251,3
252,3
253,3
254,3
255,3
256,3
257,2
258,3
259,2
260,1
261,1
262,1
263,1
264,1
265,1
266,3
267,1
268,3
269,2
270,1
271,1
272,1
273,2
274,1
275,1
276,2
277,1
278,1
279,1
280,2
281,2
282,1
283,1
284,1
285,2
286,1
287,1
288,2
289,1
290,3
291,1
292,3
293,1
294,2
295,1
296,1
297,1
298,1
299,1
300,3
301,3
302,1
303,2
304,2
305,1
306,3
307,1
308,2
309,1
310,1
311,2
312,1
313,1
314,3
315,1
316,3
317,2
318,1
319,2
320,1
321,1
322,1
323,1
324,2
325,2
326,1
327,1
328,2
329,1
330,1
331,2
332,1
333,1
334,1
335,3
336,2
337,2
338,1
339,1
340,1
341,2
342,1
343,2
344,2
345,1
346,2
347,1
348,3
349,1
350,3
351,1
352,1
353,3
354,1
355,2
356,1
357,2
358,3
359,1
360,3
361,2
362,2
363,1
364,3
365,3
366,3
367,1
368,1
369,2
370,3
371,3
372,1
373,2
374,3
375,1
376,1
377,2
378,1
379,1
380,1
381,1
382,1
383,1
384,1
385,1
386,2
387,3
388,1
389,1
390,1
391,3
392,1
393,1
394,3
395,2
396,3
397,1
398,2
399,3
400,1
401,2
402,1
403,3
404,1
405,2
406,1
407,1
408,2
409,3
410,1
411,2
412,1
413,3
414,1
415,3
416,1
417,3
418,2
419,2
420,3
421,1
422,2
423,1
424,2
425,3
426,1
427,3
428,2
429,3
430,1
431,1
432,2
433,2
434,1
435,1
436,2
437,1
438,2
439,1
440,1
441,1
442,1
443,1
444,3
445,2
446,1
447,1
448,2
449,1
450,2
451,1
452,1
453,3
454,3
455,3
456,3
457,2
458,3
459,1
460,2
461,1
462,1
463,2
464,1
465,1
466,1
467,1
468,2
469,1
470,1
471,2
472,1
473,1
474,2
475,1
476,1
477,1
478,2
479,1
480,1
481,1
482,2
483,1
484,2
485,2
486,1
487,1
488,2
489,1
490,1
491,2
492,1
493,1
494,2
495,1
496,1
497,1
498,1
499,1
500,2
501,1
502,1
503,3
504,1
505,3
506,2
507,2
508,1
509,1
510,1
511,3
512,3
513,1
514,3
515,1
516,2
517,1
518,2
519,1
520,1
521,1
522,3
523,1
524,1
525,2
526,2
527,3
528,2
529,1
530,1
531,3
532,3
533,3
534,1
535,2
536,2
537,1
538,2
539,1
540,1
541,2
542,1
543,1
544,1
545,1
546,1
547,2
548,1
549,1
550,1
551,1
552,1
553,1
554,3
555,3
556,3
557,2
558,3
559,2
560,1
561,1
562,3
563,2
564,1
565,1
566,2
567,2
568,1
569,1
570,2
571,3
572,1
573,1
574,2
575,2
576,3
577,2
578,1
579,2
580,3
581,1
582,2
583,3
584,1
585,2
586,2
587,1
588,3
589,3
590,1
591,1
592,3
593,1
594,2
595,1
596,1
597,2
598,3
599,2
600,2
601,2
602,1
603,2
604,1
605,3
606,1
607,2
608,2
609,1
610,1
611,2
612,1
613,1
614,1
615,2
616,1
617,1
618,1
619,1
620,1
621,3
622,3
623,3
624,2
625,1
626,2
627,1
628,1
629,1
630,2
631,1
632,3
633,1
634,2
635,1
636,1
637,1
638,1
639,3
640,1
641,3
642,1
643,1
644,1
645,2
646,1
647,3
648,2
649,1
650,1
651,1
652,1
653,2
654,1
655,1
656,2
657,2
658,3
659,3
660,2
661,1
662,2
663,1
664,2
665,2
666,2
667,1
668,2
669,2
670,1
671,3
672,1
673,1
674,1
675,1
676,1
677,1
678,1
679,1
680,3
681,2
682,1
683,2
684,2
685,1
686,2
687,3
688,1
689,1
690,1
691,3
692,1
693,1
694,2
695,1
696,2
697,1
698,1
699,2
700,1
701,2
702,1
703,1
704,1
705,2
706,1
707,1
708,1
709,2
710,2
711,1
712,2
713,3
714,1
715,1
716,2
717,2
718,2
719,1
720,1
721,1
722,1
723,1
724,1
725,1
726,1
727,2
728,3
729,1
730,2
731,1
732,1
733,1
734,2
735,3
736,1
737,2
738,1
739,1
740,2
741,1
742,3
743,1
744,3
745,1
746,2
747,2
748,1
749,1
750,1
751,3
752,2
753,3
754,2
755,1
756,3
757,1
758,1
759,3
760,2
761,1
762,2
763,3
764,1
765,1
766,3
767,3
768,1
769,2
770,3
771,2
772,3
773,2
774,2
775,3
776,2
777,1
778,3
779,1
780,1
781,3
782,1
783,1
784,2
785,3
786,1
787,3
788,2
789,1
790,3
791,2
792,3
793,3
794,2
795,1
796,3
797,3
798,3
799,1
800,1
801,2
802,1
803,2
804,1
805,2
806,3
807,3
808,3
809,1
810,1
811,2
812,1
813,3
814,1
815,1
816,1
817,1
818,1
819,3
820,1
821,3
822,1
823,3
824,2
825,1
826,3
827,2
828,1
829,1
830,1
831,1
832,1
833,3
834,1
835,3
836,1
837,2
838,2
839,3
840,2
841,2
842,2
843,2
844,1
845,2
846,2
847,1
848,3
849,1
850,3
851,1
852,1
853,1
854,2
855,1
856,2
857,2
858,3
859,1
860,3
861,3
862,1
863,1
864,1
865,2
866,1
867,2
868,1
869,2
870,1
871,3
872,2
873,1
874,1
875,1
876,2
877,1
878,1
879,1
880,2
881,2
882,1
883,1
884,1
885,3
886,2
887,3
888,1
889,3
890,2
891,1
892,3
893,1
894,2
895,1
896,3
897,1
898,3
899,1
900,2
901,3
902,3
903,2
904,2
905,3
906,3
907,1
908,1
909,1
910,1
911,1
912,2
913,2
914,2
915,2
916,1
917,1
918,1
919,1
920,1
921,3
922,1
923,3
924,3
925,1
926,2
927,1
928,1
929,1
930,2
931,2
932,2
933,2
934,1
935,2
936,1
937,3
938,2
939,3
940,2
941,3
942,1
943,1
944,3
945,2
946,1
947,1
948,1
949,1
950,1
951,2
952,1
953,2
954,1
955,1
956,2
957,1
958,2
959,3
960,1
961,3
962,2
963,2
964,2
965,1
966,1
967,3
968,2
969,1
970,1
971,3
972,1
973,2
974,1
975,3
976,1
977,2
978,2
979,2
980,2
981,1
982,2
983,3
984,1
985,2
986,1
987,2
988,1
989,2
990,2
991,3
992,1
993,1
994,1
995,2
996,1
997,2
998,1
999,1
1000,1
1001,3
1002,1
1003,1
1004,2
1005,1
1006,1
1007,2
1008,1
1009,3
1010,1
1011,1
1012,1
1013,1
1014,1
1015,2
1016,1
1017,1
1018,1
1019,1
1020,1
1021,2
1022,3
1023,1
1024,3
1025,1
1026,3
1027,1
1028,1
1029,3
1030,1
1031,3
1032,3
1033,1
1034,2
1035,2
1036,1
1037,1
1038,1
1039,1
1040,1
1041,1
1042,1
1043,1
1044,1
1045,2
1046,3
1047,1
1048,2
1049,1
1050,2
1051,1
1052,3
1053,1
1054,3
1055,3
1056,2
1057,3
1058,1
1059,1
1060,1
1061,2
1062,1
1063,2
1064,1
1065,1
1066,1
1067,1
1068,1
1069,1
1070,3
1071,1
1072,1
1073,2
1074,2
1075,1
1076,3
1077,2
1078,3
1079,1
1080,3
1081,3
1082,2
1083,1
1084,1
1085,2
1086,3
1087,1
1088,3
1089,3
1090,2
1091,2
1092,1
1093,1
1094,3
1095,1
1096,3
1097,3
1098,3
1099,3
1100,2
1101,1
1102,2
1103,3
1104,1
1105,1
1106,1
1107,2
1108,1
1109,2
1110,1
1111,2
1112,1
1113,2
1114,1
1115,1
1116,1
1117,2
1118,1
1119,3
1120,2
1121,2
1122,1
1123,1
1124,1
1125,1
1126,2
1127,3
1128,1
1129,1
1130,1
1131,2
1132,3
1133,2
1134,1
1135,1
1136,3
1137,1
1138,1
1139,1
1140,3
1141,2
1142,1
1143,1
1144,1
1145,2
1146,2
1147,1
1148,2
1149,2
1150,1
1151,1
1152,2
1153,1
1154,3
1155,1
1156,1
1157,1
1158,2
1159,2
1160,2
1161,3
1162,2
1163,3
1164,1
1165,1
1166,2
1167,3
1168,1
1169,1
1170,1
1171,2
1172,3
1173,2
1174,1
1175,3
1176,2
1177,3
1178,2
1179,2
1180,3
1181,2
1182,1
1183,1
1184,1
1185,3
1186,1
1187,1
1188,2
1189,2
1190,1
1191,1
1192,1
1193,3
1194,1
1195,3
1196,1
1197,2
1198,3
1199,2
1200,1
1201,2
1202,2
1203,2
1204,3
1205,2
1206,2
1207,1
1208,1
1209,1
1210,1
1211,2
1212,1
1213,2
1214,2
1215,1
1216,1
1217,1
1218,1
1219,1
1220,1
1221,1
1222,1
1223,1
1224,2
1225,1
1226,3
1227,2
1228,3
1229,1
1230,1
1231,2
1232,2
1233,1
1234,3
1235,2
1236,2
1237,2
1238,1
1239,2
1240,2
1241,1
1242,2
1243,1
1244,2
1245,1
1246,2
1247,3
1248,3
1249,1
1250,1
1251,1
1252,1
1253,3
1254,1
1255,1
1256,3
1257,1
1258,2
1259,1
1260,3
1261,1
1262,1
1263,1
1264,2
1265,1
1266,1
1267,2
1268,1
1269,1
1270,2
1271,3
1272,3
1273,1
1274,1
1275,2
1276,1
1277,1
1278,1
1279,2
1280,1
1281,3
1282,1
1283,2
1284,2
1285,2
1286,1
1287,1
1288,1
1289,1
1290,2
1291,1
1292,2
1293,1
1294,1
1295,2
1296,1
1297,3
1298,2
1299,2
1300,1
1301,3
1302,1
1303,3
1304,2
1305,1
1306,3
1307,3
1308,3
1309,1
1310,3
1311,1
1312,1
1313,3
1314,1
1315,2
1316,3
1317,2
1318,1
1319,1
1320,2
1321,2
1322,3
1323,1
1324,3
1325,2
1326,1
1327,3
1328,1
1329,3
1330,1
1331,3
1332,1
1333,1
1334,2
1335,3
1336,1
1337,1
1338,1
1339,1
1340,1
1341,2
1342,2
1343,2
1344,1
1345,1
1346,1
1347,3
1348,1
1349,1
1350,1
1351,1
1352,1
1353,1
1354,2
1355,3
1356,1
1357,2
1358,1
1359,1
1360,1
1361,2
1362,1
1363,2
1364,1
1365,3
1366,1
1367,2
1368,3
1369,3
1370,1
1371,1
1372,2
1373,2
1374,1
1375,2
1376,1
1377,1
1378,1
1379,2
1380,3
1381,1
1382,1
1383,2
1384,1
1385,2
1386,2
1387,1
1388,3
1389,3
1390,2
1391,1
1392,1
1393,1
1394,2
1395,1
1396,2
1397,3
1398,1
1399,2
1400,1
1401,3
1402,3
1403,1
1404,1
1405,1
1406,1
1407,1
1408,1
1409,3
1410,1
1411,1
1412,1
1413,1
1414,1
1415,1
1416,3
1417,2
1418,3
1419,1
1420,1
1421,2
1422,1
1423,1
1424,1
1425,2
1426,3
1427,1
1428,2
1429,3
1430,2
1431,1
1432,2
1433,1
1434,1
1435,1
1436,1
1437,1
1438,1
1439,3
1440,1
1441,1
1442,1
1443,1
1444,2
1445,3
1446,1
1447,3
1448,2
1449,1
1450,3
1451,3
1452,2
1453,3
1454,1
1455,1
1456,3
1457,2
1458,1
1459,1
1460,1
1461,2
1462,3
1463,3
1464,1
1465,2
1466,3
1467,2
1468,1
1469,1
1470,2
1471,2
1472,2
1473,3
1474,2
1475,2
1476,2
1477,1
1478,3
1479,2
1480,1
1481,2
1482,1
1483,2
1484,3
1485,2
1486,1
1487,1
1488,1
1489,1
1490,1
1491,2
1492,1
1493,1
1494,2
1495,3
1496,2
1497,1
1498,1
1499,3
1500,2
1501,1
1502,3
1503,1
1504,2
1505,3
1506,1
1507,1
1508,1
1509,1
1510,1
1511,2
1512,3
1513,3
1514,1
1515,1
1516,2
1517,1
1518,1
1519,2
1520,3
1521,1
1522,2
1523,1
1524,1
1525,3
1526,2
1527,2
1528,1
1529,3
1530,2
1531,1
1532,3
1533,2
1534,1
1535,1
1536,1
1537,2
1538,3
1539,2
1540,1
1541,1
1542,2
1543,1
1544,1
1545,1
1546,2
1547,3
1548,1
1549,2
1550,1
1551,2
1552,3
1553,3
1554,1
1555,2
1556,3
1557,3
1558,1
1559,2
1560,3
1561,1
1562,3
1563,2
1564,1
1565,2
1566,3
1567,2
1568,2
1569,3
1570,1
1571,2
1572,1
1573,1
1574,1
1575,1
1576,1
1577,1
1578,1
1579,3
1580,1
1581,3
1582,1
1583,1
1584,3
1585,3
1586,2
1587,1
1588,1
1589,3
1590,2
1591,1
1592,1
1593,1
1594,1
1595,1
1596,1
1597,3
1598,2
1599,1
1600,2
1601,1
1602,2
1603,1
1604,3
1605,1
1606,1
1607,2
1608,2
1609,1
1610,1
1611,3
1612,2
1613,1
1614,2
1615,3
1616,1
1617,2
1618,3
1619,2
1620,2
1621,1
1622,1
1623,3
1624,1
1625,2
1626,3
1627,2
1628,1
1629,2
1630,2
1631,1
1632,1
1633,3
1634,2
1635,1
1636,2
1637,1
1638,2
1639,2
1640,3
1641,3
1642,1
1643,1
1644,1
1645,2
1646,1
1647,2
1648,2
1649,1
1650,1
1651,1
1652,2
1653,1
1654,1
1655,1
1656,1
1657,2
1658,3
1659,1
1660,2
1661,1
1662,1
1663,1
1664,2
1665,3
1666,1
1667,1
1668,1
1669,2
1670,2
1671,1
1672,1
1673,1
1674,2
1675,3
1676,1
1677,2
1678,1
1679,3
1680,3
1681,2
1682,1
1683,2
1684,2
1685,1
1686,1
1687,1
1688,3
1689,2
1690,1
1691,1
1692,1
1693,1
1694,3
1695,1
1696,1
1697,3
1698,2
1699,1
1700,1
1701,1
1702,1
1703,1
1704,1
1705,2
1706,1
1707,2
1708,1
1709,2
1710,1
1711,2
1712,1
1713,2
1714,2
1715,1
1716,2
1717,1
1718,3
1719,1
1720,2
1721,3
1722,1
1723,1
1724,2
1725,1
1726,3
1727,2
1728,1
1729,3
1730,1
1731,2
1732,3
1733,2
1734,1
1735,1
1736,1
1737,3
1738,1
1739,3
1740,1
1741,1
1742,3
1743,1
1744,1
1745,2
1746,2
1747,2
1748,3
1749,3
1750,2
1751,2
1752,3
1753,1
1754,3
1755,2
1756,2
1757,2
1758,1
1759,2
1760,3
1761,3
1762,2
1763,3
1764,3
1765,3
1766,2
1767,1
1768,3
1769,2
1770,2
1771,1
1772,1
1773,2
1774,3
1775,1
1776,2
1777,3
1778,1
1779,2
1780,1
1781,1
1782,2
1783,1
1784,1
1785,2
1786,3
1787,3
1788,3
1789,1
1790,3
1791,3
1792,3
1793,3
1794,2
1795,1
1796,3
1797,2
1798,3
1799,1
1800,2
1801,3
1802,3
1803,1
1804,2
1805,3
1806,2
1807,3
1808,2
1809,3
1810,2
1811,3
1812,2
1813,3
1814,1
1815,3
1816,2
1817,3
1818,1
1819,2
1820,1
1821,2
1822,2
1823,1
1824,1
1825,2
1826,1
1827,3
1828,2
1829,1
1830,3
1831,1
1832,2
1833,2
1834,3
1835,2
1836,3
1837,3
1838,3
1839,3
1840,1
1841,2
1842,1
1843,1
1844,1
1845,3
1846,1
1847,2
1848,1
1849,3
1850,3
1851,1
1852,1
1853,1
1854,3
1855,2
1856,1
1857,1
1858,2
1859,2
1860,3
1861,2
1862,3
1863,3
1864,1
1865,1
1866,3
1867,1
1868,2
1869,3
1870,3
1871,2
1872,1
1873,3
1874,1
1875,1
1876,3
1877,1
1878,1
1879,2
1880,3
1881,2
1882,3
1883,1
1884,2
1885,3
1886,2
1887,2
1888,1
1889,2
1890,1
1891,3
1892,1
1893,1
1894,2
1895,1
1896,1
1897,2
1898,2
1899,2
1900,1
1901,2
1902,3
1903,1
1904,3
1905,1
1906,1
1907,1
1908,2
1909,1
1910,2
1911,3
1912,2
1913,3
1914,3
1915,1
1916,1
1917,2
1918,2
1919,1
1920,3
1921,1
1922,1
1923,1
1924,1
1925,1
1926,2
1927,1
1928,3
1929,2
1930,3
1931,2
1932,2
1933,1
1934,1
1935,1
1936,1
1937,1
1938,2
1939,1
1940,1
1941,1
1942,1
1943,1
1944,1
1945,2
1946,2
1947,1
1948,1
1949,2
1950,2
1951,3
1952,2
1953,3
1954,1
1955,2
1956,3
1957,1
1958,1
1959,2
1960,2
1961,1
1962,2
1963,3
1964,2
1965,2
1966,3
1967,3
1968,3
1969,2
1970,1
1971,2
1972,2
1973,2
1974,2
1975,2
1976,3
1977,2
1978,3
1979,3
1980,3
1981,3
1982,1
1983,3
1984,3
1985,3
1986,2
1987,1
1988,2
1989,1
1990,3
1991,2
1992,3
1993,2
1994,3
1995,2
1996,3
1997,2
1998,3
1999,2
2000,1
2001,2
2002,3
2003,2
2004,2
2005,2
2006,3
2007,3
2008,2
2009,3
2010,2
2011,2
2012,3
2013,3
2014,1
2015,2
2016,1
2017,2
2018,1
2019,2
2020,2
2021,2
2022,2
2023,1
2024,2
2025,2
2026,1
2027,3
2028,3
2029,2
2030,1
2031,2
2032,2
2033,2
2034,3
2035,2
2036,2
2037,1
2038,1
2039,3
2040,2
2041,2
2042,1
2043,3
2044,2
2045,3
2046,2
2047,2
2048,3
2049,2
2050,2
2051,2
2052,3
2053,2
2054,1
2055,2
2056,2
2057,1
2058,1
2059,2
2060,2
2061,2
2062,1
2063,3
2064,2
2065,1
2066,2
2067,2
2068,3
2069,3
2070,1
2071,3
2072,2
2073,3
2074,3
2075,1
2076,2
2077,3
2078,3
2079,3
2080,2
2081,3
2082,3
2083,3
2084,1
2085,3
2086,2
2087,1
2088,1
2089,2
2090,3
2091,3
2092,3
2093,3
2094,3
2095,3
2096,3
2097,1
2098,3
2099,1
2100,3
2101,3
2102,3
2103,2
2104,3
2105,3
2106,3
2107,2
2108,1
2109,2
2110,3
2111,3
2112,3
2113,2
2114,1
2115,2
2116,3
2117,3
2118,3
2119,2
2120,1
2121,2
2122,3
2123,2
2124,1
2125,3
2126,1
2127,3
2128,3
2129,1
2130,1
2131,3
2132,1
2133,2
2134,2
2135,2
2136,3
2137,2
2138,3
2139,2
2140,3
2141,2
2142,2
2143,3
2144,2
2145,1
2146,1
2147,3
2148,3
2149,3
2150,3
2151,3
2152,2
2153,2
2154,1
2155,2
2156,2
2157,1
2158,2
2159,2
2160,1
2161,1
2162,3
2163,2
2164,1
2165,3
2166,3
2167,3
2168,3
2169,1
2170,3
2171,2
2172,1
2173,2
2174,1
2175,3
2176,3
2177,2
2178,1
2179,1
2180,2
2181,3
2182,3
2183,2
2184,3
2185,1
2186,2
2187,2
2188,1
2189,3
2190,3
2191,3
2192,3
2193,3
2194,1
2195,3
2196,3
2197,1
2198,3
2199,1
2200,2
2201,3
2202,2
2203,1
2204,3
2205,1
2206,3
2207,1
2208,3
2209,3
2210,1
2211,1
2212,3
2213,1
2214,3
2215,1
2216,3
2217,2
2218,3
2219,1
2220,3
2221,2
2222,1
2223,1
2224,3
2225,1
2226,1
2227,3
2228,1
2229,3
2230,3
2231,2
2232,3
2233,1
2234,2
2235,2
2236,1
2237,1
2238,1
2239,2
2240,1
2241,1
2242,3
2243,1
2244,2
2245,2
2246,1
2247,1
2248,2
2249,3
2250,3
2251,1
2252,2
2253,1
2254,3
2255,1
2256,3
2257,2
2258,3
2259,2
2260,1
2261,1
2262,1
2263,3
2264,1
2265,1
2266,3
2267,3
2268,1
2269,1
2270,1
2271,3
2272,3
2273,3
2274,2
2275,1
2276,1
2277,3
2278,1
2279,2
2280,3
2281,1
2282,1
2283,1
2284,3
2285,1
2286,1
2287,3
2288,1
2289,3
2290,2
2291,1
2292,1
2293,2
2294,1
2295,1
2296,2
2297,1
2298,2
2299,1
2300,1
2301,2
2302,3
2303,3
2304,3
2305,2
2306,2
2307,3
2308,1
2309,3
2310,1
2311,3
2312,3
2313,1
2314,2
2315,2
2316,1
2317,2
2318,1
2319,1
2320,2
2321,1
2322,2
2323,3
2324,1
2325,1
2326,2
2327,2
2328,2
2329,3
2330,1
2331,3
2332,1
2333,2
2334,3
2335,2
2336,2
2337,1
2338,3
2339,1
2340,2
2341,1
2342,2
2343,1
2344,1
2345,2
2346,2
2347,2
2348,1
2349,2
2350,2
2351,1
2352,2
2353,1
2354,3
2355,1
2356,1
2357,2
2358,3
2359,2
2360,3
2361,1
2362,2
2363,2
2364,3
2365,3
2366,1
2367,2
2368,2
2369,2
2370,1
2371,2
2372,1
2373,3
2374,3
2375,2
2376,2
2377,3
2378,1
2379,1
2380,2
2381,1
2382,2
2383,2
2384,1
2385,3
2386,1
2387,2
2388,2
2389,2
2390,2
2391,3
2392,1
2393,3
2394,2
2395,3
2396,2
2397,1
2398,1
2399,3
2400,2
2401,1
2402,1
2403,2
2404,1
2405,1
2406,1
2407,1
2408,1
2409,3
2410,3
2411,1
2412,2
2413,2
2414,2
2415,2
2416,1
2417,2
2418,2
2419,2
2420,2
2421,2
2422,2
2423,3
2424,3
2425,2
2426,1
2427,1
2428,1
2429,2
2430,2
2431,1
2432,1
2433,1
2434,2
2435,1
2436,1
2437,1
2438,1
2439,3
2440,2
2441,2
2442,2
2443,1
2444,1
2445,1
2446,3
2447,1
2448,1
2449,3
2450,1
2451,2
2452,1
2453,1
2454,1
2455,2
2456,1
2457,2
2458,1
2459,3
2460,1
2461,1
2462,3
2463,3
2464,1
2465,2
2466,3
2467,1
2468,2
2469,1
2470,2
2471,3
2472,1
2473,3
2474,3
2475,1
2476,3
2477,1
2478,1
2479,3
2480,2
2481,3
2482,2
2483,1
2484,2
2485,3
2486,3
2487,1
2488,3
2489,3
2490,2
2491,2
2492,1
2493,3
2494,1
2495,1
2496,2
2497,1
2498,1
2499,2
2500,1
2501,3
2502,3
2503,1
2504,3
2505,3
2506,2
2507,2
2508,3
2509,2
2510,1
2511,1
2512,2
2513,1
2514,3
2515,1
2516,2
2517,2
2518,1
2519,3
2520,1
2521,1
2522,2
2523,3
2524,1
2525,1
2526,1
2527,1
2528,2
2529,2
2530,1
2531,3
2532,1
2533,1
2534,2
2535,1
2536,3
2537,2
2538,1
2539,3
2540,2
2541,1
2542,2
2543,1
2544,1
2545,3
2546,2
2547,1
2548,1
2549,2
2550,1
2551,1
2552,3
2553,1
2554,3
2555,1
2556,3
2557,1
2558,1
2559,3
2560,3
2561,3
2562,2
2563,1
2564,1
2565,2
2566,3
2567,1
2568,1
2569,1
2570,1
2571,2
2572,3
2573,3
2574,1
2575,1
2576,2
2577,3
2578,1
2579,2
2580,3
2581,1
2582,3
2583,1
2584,1
2585,2
2586,1
2587,1
2588,1
2589,1
2590,2
2591,3
2592,2
2593,3
2594,3
2595,3
2596,2
2597,3
2598,2
2599,1
2600,3
2601,1
2602,2
2603,3
2604,3
2605,2
2606,3
2607,2
2608,2
2609,3
2610,3
2611,2
2612,1
2613,1
2614,3
2615,3
2616,2
2617,3
2618,1
2619,3
2620,1
2621,2
2622,1
2623,3
2624,2
2625,3
2626,2
2627,2
2628,1
2629,2
2630,1
2631,3
2632,3
2633,2
2634,3
2635,2
2636,1
2637,3
2638,1
2639,2
2640,1
2641,2
2642,2
2643,1
2644,3
2645,2
2646,1
2647,3
2648,2
2649,1
2650,2
2651,3
2652,3
2653,3
2654,2
2655,1
2656,3
2657,2
2658,1
2659,1
2660,2
2661,2
2662,3
2663,1
2664,2
2665,2
2666,2
2667,1
2668,3
2669,1
2670,2
2671,3
2672,2
2673,1
2674,1
2675,3
2676,2
2677,3
2678,2
2679,1
2680,3
2681,2
2682,3
2683,1
2684,2
2685,3
2686,2
2687,3
2688,3
2689,1
2690,1
2691,3
2692,2
2693,2
2694,1
2695,2
2696,2
2697,2
2698,1
2699,3
2700,1
2701,2
2702,3
2703,1
2704,3
2705,1
2706,2
2707,1
2708,1
2709,3
2710,3
2711,3
2712,2
2713,1
2714,3
2715,2
2716,3
2717,3
2718,1
2719,2
2720,2
2721,3
2722,1
2723,2
2724,1
2725,3
2726,2
2727,3
2728,2
2729,3
2730,1
2731,2
2732,1
2733,3
2734,2
2735,1
2736,1
2737,2
2738,2
2739,3
2740,1
2741,3
2742,2
2743,3
2744,2
2745,1
2746,2
2747,1
2748,2
2749,1
2750,2
2751,2
2752,3
2753,3
2754,1
2755,3
2756,1
2757,2
2758,3
2759,3
2760,2
2761,3
2762,2
2763,1
2764,3
2765,3
2766,2
2767,3
2768,1
2769,2
2770,3
2771,3
2772,3
2773,1
2774,3
2775,3
2776,1
2777,2
2778,1
2779,2
2780,3
2781,1
2782,2
2783,2
2784,2
2785,2
2786,1
2787,3
2788,3
2789,1
2790,3
2791,1
2792,3
2793,1
2794,2
2795,1
2796,3
2797,1
2798,3
2799,2
2800,3
2801,3
2802,3
2803,3
2804,3
2805,2
2806,3
2807,3
2808,3
2809,1
2810,1
2811,3
2812,1
2813,1
2814,3
2815,2
2816,3
2817,3
2818,2
2819,1
2820,3
2821,3
2822,2
2823,1
2824,3
2825,3
2826,1
2827,3
2828,3
2829,3
2830,3
2831,1
2832,1
2833,3
2834,3
2835,2
2836,2
2837,1
2838,2
2839,1
2840,3
2841,3
2842,2
2843,3
2844,1
2845,3
2846,1
2847,3
2848,3
2849,3
2850,3
2851,3
2852,3
2853,3
2854,3
2855,2
2856,3
2857,2
2858,3
2859,2
2860,2
2861,3
2862,3
2863,3
2864,3
2865,1
2866,3
2867,2
2868,1
2869,3
2870,3
2871,3
2872,2
2873,3
2874,1
2875,3
2876,1
2877,2
2878,2
2879,2
2880,1
2881,1
2882,3
2883,2
2884,3
2885,3
2886,3
2887,2
2888,2
2889,2
2890,3
2891,2
2892,3
2893,2
2894,3
2895,3
2896,3
2897,3
2898,3
2899,3
2900,3
2901,3
2902,3
2903,1
2904,2
2905,1
2906,2
2907,1
2908,3
2909,1
2910,2
2911,3
2912,1
2913,2
2914,3
2915,2
2916,3
2917,3
2918,3
2919,2
2920,3
2921,3
2922,1
2923,2
2924,3
2925,2
2926,2
2927,2
2928,2
2929,1
2930,1
2931,3
2932,1
2933,3
2934,1
2935,1
2936,3
2937,1
2938,1
2939,1
2940,3
2941,2
2942,3
2943,3
2944,3
2945,2
2946,1
2947,3
2948,1
2949,2
2950,3
2951,3
2952,1
2953,3
2954,3
2955,1
2956,2
2957,2
2958,3
2959,1
2960,2
2961,3
2962,2
2963,1
2964,1
2965,2
2966,2
2967,2
2968,3
2969,2
2970,1
2971,3
2972,3
2973,1
2974,2
2975,3
2976,2
2977,3
2978,3
2979,3
2980,2
2981,1
2982,3
2983,1
2984,3
2985,3
2986,2
2987,2
2988,1
2989,2
2990,1
2991,2
2992,2
2993,3
2994,2
2995,3
2996,3
2997,2
2998,2
2999,3
3000,2
3001,2
3002,3
3003,2
3004,3
3005,2
3006,3
3007,1
3008,3
3009,1
3010,1
3011,1
3012,3
3013,2
3014,3
3015,3
3016,1
3017,2
3018,3
3019,3
3020,3
3021,2
3022,2
3023,3
3024,1
3025,3
3026,1
3027,2
3028,3
3029,1
3030,1
3031,3
3032,2
3033,3
3034,1
3035,3
3036,3
3037,1
3038,2
3039,3
3040,2
3041,3
3042,3
3043,3
3044,2
3045,3
3046,3
3047,1
3048,1
3049,3
3050,3
3051,2
3052,3
3053,2
3054,3
3055,3
3056,3
3057,3
3058,1
3059,2
3060,3
3061,1
3062,3
3063,2
3064,3
3065,3
3066,3
3067,3
3068,2
3069,3
3070,3
3071,2
3072,3
3073,3
3074,3
3075,3
3076,3
3077,2
3078,3
3079,2
3080,3
3081,2
3082,2
3083,3
3084,3
3085,2
3086,3
3087,1
3088,3
3089,2
3090,3
3091,3
3092,3
3093,3
3094,2
3095,3
3096,3
3097,3
3098,3
3099,2
3100,3
3101,3
3102,3
3103,3
3104,2
3105,3
3106,3
3107,3
3108,3
3109,2
3110,3
3111,3
3112,3
3113,3
3114,3
3115,3
3116,3
3117,3
3118,2
3119,3
3120,3
3121,1
3122,1
3123,3
3124,3
3125,2
3126,1
3127,3
3128,2
3129,3
3130,3
3131,3
3132,2
3133,3
3134,3
3135,1
3136,3
3137,2
3138,2
3139,3
3140,3
3141,3
3142,1
3143,3
3144,3
3145,3
3146,3
3147,2
3148,3
3149,3
3150,3
3151,3
3152,3
3153,3
3154,3
3155,2
3156,3
3157,2
3158,3
3159,3
3160,3
3161,1
3162,2
3163,3
3164,2
3165,2
3166,1
3167,3
3168,2
3169,3
3170,1
3171,3
3172,3
3173,2
3174,3
3175,2
3176,2
3177,2
3178,2
3179,3
3180,1
3181,3
3182,3
3183,1
3184,2
3185,3
3186,2
3187,3
3188,3
3189,2
3190,2
3191,3
3192,2
3193,3
3194,3
3195,3
3196,3
3197,3
3198,3
3199,3
3200,1
3201,3
3202,3
3203,3
3204,2
3205,3
3206,3
3207,2
3208,2
3209,3
3210,2
3211,2
3212,2
3213,3
3214,2
3215,3
3216,3
3217,2
3218,1
3219,3
3220,3
3221,1
3222,2
3223,3
3224,3
3225,1
3226,3
3227,1
3228,1
3229,3
3230,2
3231,1
3232,3
3233,3
3234,3
3235,2
3236,3
3237,3
3238,3
3239,3
3240,3
3241,2
3242,3
3243,3
3244,1
3245,1
3246,3
3247,3
3248,2
3249,3
3250,3
3251,3
3252,3
3253,3
3254,2
3255,3
3256,1
3257,3
3258,3
3259,1
3260,2
3261,3
3262,3
3263,3
3264,2
3265,3
3266,2
3267,2
3268,2
3269,2
3270,3
3271,3
3272,2
3273,3
3274,3
3275,3
3276,3
3277,1
3278,3
3279,3
3280,2
3281,3
3282,3
3283,3
3284,1
3285,3
3286,3
3287,3
3288,2
3289,3
3290,2
3291,2
3292,1
3293,2
3294,1
3295,3
3296,3
3297,3
3298,2
3299,3
3300,2
3301,3
3302,1
3303,2
3304,1
3305,1
3306,2
3307,3
3308,2
3309,1
3310,1
3311,1
3312,1
3313,1
3314,3
3315,1
3316,2
3317,2
3318,1
3319,1
3320,2
3321,2
3322,1
3323,1
3324,3
3325,3
3326,3
3327,2
3328,1
3329,1
3330,3
3331,3
3332,2
3333,2
3334,3
3335,1
3336,1
3337,3
3338,2
3339,1
3340,2
3341,1
3342,2
3343,1
3344,1
3345,2
3346,3
3347,1
3348,1
3349,2
3350,1
3351,1
3352,2
3353,3
3354,1
3355,3
3356,2
3357,1
3358,2
3359,3
3360,1
3361,1
3362,2
3363,1
3364,1
3365,2
3366,3
3367,1
3368,1
3369,2
3370,3
3371,3
3372,2
3373,1
3374,2
3375,3
3376,1
3377,2
3378,1
3379,2
3380,1
3381,3
3382,1
3383,1
3384,1
3385,3
3386,1
3387,1
3388,1
3389,1
3390,1
3391,3
3392,3
3393,2
3394,2
3395,1
3396,3
3397,1
3398,3
3399,2
3400,1
3401,3
3402,2
3403,2
3404,3
3405,1
3406,2
3407,1
3408,1
3409,1
3410,2
3411,3
3412,1
3413,1
3414,1
3415,2
3416,1
3417,2
3418,1
3419,2
3420,2
3421,1
3422,1
3423,1
3424,2
3425,1
3426,3
3427,1
3428,2
3429,3
3430,1
3431,1
3432,3
3433,2
3434,1
3435,3
3436,3
3437,1
3438,1
3439,1
3440,1
3441,1
3442,2
3443,3
3444,1
3445,1
3446,2
3447,1
3448,1
3449,1
3450,2
3451,1
3452,1
3453,3
3454,1
3455,1
3456,3
3457,1
3458,2
3459,1
3460,3
3461,1
3462,2
3463,3
3464,2
3465,2
3466,1
3467,1
3468,1
3469,2
3470,1
3471,1
3472,1
3473,1
3474,1
3475,2
3476,3
3477,1
3478,2
3479,2
3480,2
3481,2
3482,2
3483,1
3484,2
3485,2
3486,2
3487,2
3488,2
3489,3
3490,1
3491,2
3492,3
3493,3
3494,1
3495,1
3496,2
3497,2
3498,2
3499,1
3500,2
3501,2
3502,2
3503,2
3504,1
3505,3
3506,1
3507,1
3508,3
3509,3
3510,2
3511,2
3512,1
3513,2
3514,3
3515,3
3516,3
3517,2
3518,2
3519,2
3520,3
3521,3
3522,3
3523,1
3524,2
3525,2
3526,1
3527,1
3528,3
3529,2
3530,1
3531,2
3532,3
3533,3
3534,3
3535,1
3536,2
3537,2
3538,2
3539,3
3540,2
3541,1
3542,2
3543,1
3544,3
3545,3
3546,1
3547,1
3548,2
3549,1
3550,2
3551,1
3552,1
3553,2
3554,1
3555,2
3556,2
3557,1
3558,2
3559,2
3560,1
3561,2
3562,3
3563,2
3564,3
3565,1
3566,1
3567,2
3568,1
3569,2
3570,2
3571,3
3572,2
3573,2
3574,2
3575,2
3576,1
3577,2
3578,3
3579,2
3580,1
3581,2
3582,2
3583,3
3584,2
3585,2
3586,2
3587,3
3588,2
3589,1
3590,2
3591,1
3592,2
3593,3
3594,1
3595,2
3596,1
3597,1
3598,2
3599,3
3600,1
3601,2
3602,2
3603,3
3604,3
3605,1
3606,1
3607,3
3608,3
3609,2
3610,2
3611,1
3612,2
3613,1
3614,1
3615,3
3616,1
3617,2
3618,2
3619,1
3620,1
3621,3
3622,1
3623,2
3624,3
3625,3
3626,2
3627,3
3628,2
3629,3
3630,2
3631,2
3632,3
3633,2
3634,1
3635,1
3636,2
3637,2
3638,1
3639,2
3640,1
3641,1
3642,1
3643,2
3644,2
3645,1
3646,1
3647,2
3648,1
3649,1
3650,1
3651,3
3652,2
3653,1
3654,1
3655,3
3656,1
3657,3
3658,3
3659,2
3660,1
3661,1
3662,3
3663,3
3664,3
3665,1
3666,2
3667,2
3668,3
3669,1
3670,2
3671,1
3672,3
3673,1
3674,1
3675,2
3676,3
3677,2
3678,2
3679,1
3680,3
3681,2
3682,1
3683,2
3684,3
3685,1
3686,3
3687,2
3688,1
3689,1
3690,1
3691,2
3692,3
3693,3
3694,2
3695,3
3696,1
3697,2
3698,3
3699,1
3700,2
3701,3
3702,3
3703,2
3704,1
3705,1
3706,2
3707,1
3708,3
3709,2
3710,2
3711,3
3712,2
3713,3
3714,2
3715,1
3716,2
3717,1
3718,1
3719,3
3720,2
3721,1
3722,1
3723,2
3724,3
3725,2
3726,1
3727,3
3728,1
3729,1
3730,2
3731,2
3732,1
3733,2
3734,2
3735,1
3736,1
3737,3
3738,1
3739,2
3740,1
3741,2
3742,1
3743,1
3744,3
3745,3
3746,1
3747,1
3748,1
3749,3
3750,1
3751,3
3752,2
3753,1
3754,3
3755,2
3756,2
3757,1
3758,3
3759,2
3760,2
3761,3
3762,2
3763,1
3764,3
3765,2
3766,3
3767,2
3768,1
3769,1
3770,3
3771,2
3772,1
3773,3
3774,2
3775,2
3776,2
3777,1
3778,3
3779,3
3780,2
3781,1
3782,2
3783,2
3784,3
3785,2
3786,1
3787,2
3788,2
3789,1
3790,2
3791,1
3792,2
3793,3
3794,1
3795,1
3796,1
3797,2
3798,2
3799,3
3800,3
3801,2
3802,1
3803,1
3804,2
3805,2
3806,1
3807,2
3808,3
3809,3
3810,2
3811,3
3812,2
3813,3
3814,2
3815,2
3816,3
3817,3
3818,2
3819,1
3820,1
3821,3
3822,2
3823,1
3824,2
3825,3
3826,1
3827,3
3828,2
3829,1
3830,3
3831,1
3832,2
3833,3
3834,1
3835,2
3836,2
3837,1
3838,3
3839,2
3840,3
3841,2
3842,2
3843,3
3844,3
3845,1
3846,2
3847,2
3848,3
3849,3
3850,3
3851,2
3852,2
3853,1
3854,3
3855,2
3856,3
3857,1
3858,3
3859,1
3860,3
3861,1
3862,2
3863,1
3864,3
3865,1
3866,2
3867,1
3868,1
3869,3
3870,3
3871,2
3872,3
3873,1
3874,1
3875,2
3876,2
3877,3
3878,2
3879,2
3880,3
3881,3
3882,2
3883,2
3884,3
3885,2
3886,3
3887,2
3888,2
3889,2
3890,1
3891,1
3892,3
3893,2
3894,1
3895,2
3896,3
3897,3
3898,1
3899,1
3900,1
3901,3
3902,1
3903,2
3904,2
3905,3
3906,2
3907,1
3908,2
3909,1
3910,2
3911,1
3912,3
3913,3
3914,3
3915,2
3916,1
3917,3
3918,3
3919,3
3920,2
3921,3
3922,2
3923,3
3924,3
3925,2
3926,2
3927,1
3928,3
3929,2
3930,2
3931,1
3932,2
3933,1
3934,1
3935,1
3936,1
3937,3
3938,3
3939,1
3940,1
3941,3
3942,2
3943,1
3944,2
3945,3
3946,2
3947,3
3948,1
3949,1
3950,3
3951,3
3952,2
3953,3
3954,2
3955,3
3956,2
3957,3
3958,3
3959,3
3960,3
3961,1
3962,1
3963,2
3964,1
3965,3
3966,3
3967,3
3968,2
3969,3
3970,1
3971,1
3972,3
3973,1
3974,3
3975,3
3976,1
3977,3
3978,3
3979,1
3980,1
3981,3
3982,3
3983,1
3984,3
3985,2
3986,3
3987,2
3988,3
3989,1
3990,1
3991,1
3992,3
3993,3
3994,3
3995,3
3996,3
3997,1
3998,2
3999,1
4000,1
4001,2
4002,1
4003,3
4004,2
4005,1
4006,2
4007,3
4008,1
4009,3
4010,1
4011,3
4012,1
4013,3
4014,2
4015,1
4016,3
4017,2
4018,1
4019,3
4020,3
4021,2
4022,3
4023,1
4024,1
4025,1
4026,3
4027,3
4028,2
4029,3
4030,2
4031,1
4032,2
4033,1
4034,3
4035,3
4036,3
4037,3
4038,2
4039,3
4040,2
4041,1
4042,3
4043,2
4044,3
4045,2
4046,1
4047,3
4048,1
4049,2
4050,1
4051,2
4052,3
4053,1
4054,1
4055,2
4056,1
4057,1
4058,1
4059,2
4060,3
4061,2
4062,2
4063,1
4064,3
4065,2
4066,1
4067,3
4068,3
4069,1
4070,3
4071,1
4072,2
4073,2
4074,2
4075,3
4076,1
4077,1
4078,3
4079,1
4080,2
4081,1
4082,2
4083,3
4084,2
4085,2
4086,1
4087,1
4088,3
4089,3
4090,2
4091,3
4092,1
4093,1
4094,1
4095,1
4096,1
4097,2
4098,1
4099,3
4100,2
4101,3
4102,3
4103,3
4104,3
4105,2
4106,3
4107,3
4108,2
4109,1
4110,3
4111,1
4112,2
4113,1
4114,2
4115,1
4116,2
4117,3
4118,2
4119,2
4120,3
4121,3
4122,2
4123,3
4124,2
4125,1
4126,2
4127,3
4128,3
4129,2
4130,1
4131,1
4132,1
4133,3
4134,1
4135,3
4136,3
4137,3
4138,3
4139,2
4140,3
4141,3
4142,3
4143,3
4144,3
4145,2
4146,3
4147,3
4148,2
4149,3
4150,1
4151,3
4152,2
4153,1
4154,3
4155,1
4156,1
4157,3
4158,1
4159,3
4160,2
4161,1
4162,3
4163,3
4164,3
4165,3
4166,1
4167,2
4168,2
4169,2
4170,1
4171,3
4172,1
4173,2
4174,3
4175,3
4176,3
4177,3
4178,3
4179,3
4180,1
4181,1
4182,2
4183,3
4184,2
4185,3
4186,2
4187,2
4188,3
4189,3
4190,3
4191,3
4192,3
4193,3
4194,1
4195,3
4196,3
4197,1
4198,2
4199,3
4200,1
4201,3
4202,3
4203,1
4204,3
4205,2
4206,3
4207,1
4208,1
4209,3
4210,1
4211,2
4212,3
4213,1
4214,1
4215,1
4216,2
4217,2
4218,2
4219,1
4220,2
4221,2
4222,1
4223,2
4224,2
4225,2
4226,1
4227,3
4228,1
4229,3
4230,3
4231,1
4232,1
4233,1
4234,2
4235,2
4236,3
4237,2
4238,1
4239,1
4240,3
4241,3
4242,1
4243,1
4244,2
4245,2
4246,3
4247,3
4248,3
4249,2
4250,1
4251,1
4252,2
4253,3
4254,1
4255,2
4256,1
4257,3
4258,1
4259,2
4260,3
4261,2
4262,1
4263,1
4264,1
4265,2
4266,3
4267,2
4268,1
4269,3
4270,1
4271,2
4272,3
4273,2
4274,3
4275,2
4276,1
4277,3
4278,2
4279,3
4280,1
4281,3
4282,2
4283,3
4284,1
4285,1
4286,2
4287,1
4288,1
4289,2
4290,2
4291,3
4292,3
4293,3
4294,2
4295,1
4296,1
4297,1
4298,3
4299,2
4300,2
4301,1
4302,1
4303,1
4304,2
4305,1
4306,1
4307,2
4308,3
4309,1
4310,3
4311,3
4312,1
4313,3
4314,2
4315,2
4316,1
4317,3
4318,2
4319,2
4320,1
4321,2
4322,2
4323,1
4324,1
4325,2
4326,1
4327,2
4328,3
4329,1
4330,1
4331,3
4332,2
4333,2
4334,1
4335,3
4336,1
4337,2
4338,2
4339,2
4340,2
4341,2
4342,1
4343,2
4344,3
4345,2
4346,2
4347,3
4348,2
4349,2
4350,1
4351,3
4352,3
4353,3
4354,3
4355,2
4356,3
4357,2
4358,1
4359,1
4360,1
4361,3
4362,1
4363,2
4364,3
4365,3
4366,1
4367,1
4368,1
4369,2
4370,1
4371,1
4372,1
4373,2
4374,1
4375,1
4376,1
4377,1
4378,2
4379,2
4380,1
4381,3
4382,2
4383,1
4384,2
4385,2
4386,1
4387,2
4388,1
4389,1
4390,1
4391,1
4392,3
4393,2
4394,2
4395,1
4396,3
4397,2
4398,2
4399,3
4400,1
4401,2
4402,2
4403,1
4404,3
4405,2
4406,2
4407,1
4408,2
4409,2
4410,1
4411,3
4412,2
4413,1
4414,3
4415,1
4416,3
4417,2
4418,2
4419,2
4420,1
4421,2
4422,3
4423,3
4424,2
4425,2
4426,2
4427,1
4428,2
4429,2
4430,3
4431,1
4432,1
4433,1
4434,3
4435,1
4436,1
4437,2
4438,3
4439,3
4440,1
4441,2
4442,1
4443,3
4444,2
4445,2
4446,2
4447,3
4448,2
4449,2
4450,3
4451,3
4452,1
4453,1
4454,2
4455,3
4456,1
4457,1
4458,2
4459,3
4460,2
4461,1
4462,1
4463,2
4464,2
4465,1
4466,1
4467,1
4468,2
4469,1
4470,3
4471,2
4472,1
4473,1
4474,2
4475,1
4476,1
4477,3
4478,2
4479,1
4480,3
4481,1
4482,1
4483,1
4484,1
4485,2
4486,1
4487,3
4488,1
4489,2
4490,2
4491,2
4492,1
4493,1
4494,1
4495,3
4496,1
4497,1
4498,1
4499,1
4500,2
4501,1
4502,1
4503,1
4504,3
4505,2
4506,1
4507,1
4508,3
4509,1
4510,1
4511,1
4512,3
4513,2
4514,1
4515,2
4516,2
4517,1
4518,1
4519,1
4520,1
4521,1
4522,1
4523,3
4524,2
4525,1
4526,2
4527,3
4528,3
4529,3
4530,1
4531,2
4532,3
4533,1
4534,3
4535,1
4536,2
4537,2
4538,3
4539,1
4540,3
4541,2
4542,2
4543,2
4544,2
4545,2
4546,1
4547,2
4548,2
4549,2
4550,1
4551,3
4552,2
4553,2
4554,2
4555,1
4556,1
4557,3
4558,1
4559,2
4560,1
4561,1
4562,2
4563,2
4564,3
4565,2
4566,3
4567,1
4568,1
4569,3
4570,2
4571,2
4572,2
4573,1
4574,3
4575,1
4576,2
4577,2
4578,1
4579,2
4580,2
4581,3
4582,3
4583,1
4584,2
4585,3
4586,1
4587,1
4588,2
4589,3
4590,2
4591,1
4592,3
4593,3
4594,1
4595,2
4596,2
4597,3
4598,3
4599,3
4600,2
4601,1
4602,3
4603,1
4604,3
4605,2
4606,2
4607,1
4608,2
4609,1
4610,1
4611,2
4612,1
4613,3
4614,3
4615,3
4616,2
4617,2
4618,2
4619,1
4620,1
4621,2
4622,2
4623,1
4624,2
4625,1
4626,2
4627,3
4628,3
4629,1
4630,2
4631,1
4632,3
4633,2
4634,3
4635,1
4636,1
4637,2
4638,2
4639,3
4640,3
4641,1
4642,3
4643,2
4644,1
4645,1
4646,2
4647,1
4648,3
4649,1
4650,3
4651,3
4652,1
4653,1
4654,1
4655,1
4656,2
4657,2
4658,1
4659,3
4660,1
4661,3
4662,1
4663,3
4664,3
4665,3
4666,2
4667,1
4668,3
4669,1
4670,1
4671,2
4672,3
4673,1
4674,1
4675,1
4676,1
4677,3
4678,1
4679,2
4680,3
4681,2
4682,3
4683,3
4684,2
4685,1
4686,3
4687,3
4688,1
4689,2
4690,2
4691,3
4692,3
4693,1
4694,2
4695,1
4696,3
4697,2
4698,1
4699,2
4700,2
4701,3
4702,2
4703,2
4704,3
4705,2
4706,2
4707,3
4708,1
4709,3
4710,1
4711,2
4712,3
4713,2
4714,2
4715,2
4716,3
4717,3
4718,1
4719,2
4720,1
4721,2
4722,1
4723,1
4724,3
4725,2
4726,2
4727,2
4728,3
4729,1
4730,3
4731,1
4732,3
4733,2
4734,3
4735,3
4736,2
4737,3
4738,3
4739,2
4740,3
4741,2
4742,3
4743,2
4744,2
4745,3
4746,2
4747,2
4748,2
4749,2
4750,2
4751,1
4752,2
4753,2
4754,2
4755,3
4756,1
4757,2
4758,2
4759,3
4760,1
4761,2
4762,2
4763,3
4764,1
4765,3
4766,2
4767,2
4768,3
4769,3
4770,2
4771,3
4772,3
4773,1
4774,3
4775,2
4776,3
4777,3
4778,3
4779,2
4780,3
4781,3
4782,3
4783,1
4784,1
4785,1
4786,2
4787,3
4788,1
4789,3
4790,3
4791,2
4792,3
4793,1
4794,2
4795,3
4796,3
4797,2
4798,1
4799,1
4800,1
4801,1
4802,2
4803,1
4804,3
4805,2
4806,2
4807,3
4808,3
4809,2
4810,2
4811,2
4812,2
4813,2
4814,3
4815,2
4816,3
4817,2
4818,3
4819,3
4820,2
4821,1
4822,3
4823,3
4824,1
4825,2
4826,1
4827,1
4828,1
4829,3
4830,1
4831,2
4832,1
4833,1
4834,3
4835,3
4836,2
4837,3
4838,1
4839,3
4840,1
4841,1
4842,2
4843,1
4844,2
4845,3
4846,2
4847,1
4848,2
4849,3
4850,1
4851,2
4852,3
4853,3
4854,3
4855,1
4856,2
4857,3
4858,2
4859,1
4860,1
4861,3
4862,3
4863,3
4864,3
4865,2
4866,2
4867,3
4868,3
4869,3
4870,3
4871,2
4872,2
4873,1
4874,1
4875,2
4876,2
4877,1
4878,1
4879,1
4880,1
4881,1
4882,3
4883,1
4884,2
4885,3
4886,2
4887,2
4888,3
4889,3
4890,3
4891,3
4892,3
4893,1
4894,3
4895,3
4896,2
4897,3
4898,2
4899,1
4900,2
4901,1
4902,3
4903,3
4904,3
4905,1
4906,3
4907,1
4908,1
4909,3
4910,3
4911,3
4912,3
4913,1
4914,1
4915,1
4916,3
4917,1
4918,3
4919,3
4920,3
4921,3
4922,2
4923,3
4924,1
4925,2
4926,1
4927,1
4928,2
4929,3
4930,2
4931,2
4932,3
4933,1
4934,2
4935,2
4936,1
4937,1
4938,2
4939,3
4940,2
4941,3
4942,3
4943,1
4944,3
4945,2
4946,3
4947,1
4948,2
4949,3
4950,2
4951,3
4952,2
4953,3
4954,3
4955,2
4956,3
4957,3
4958,3
4959,2
4960,3
4961,3
4962,3
4963,2
4964,3
4965,3
4966,3
4967,3
4968,2
4969,1
4970,3
4971,3
4972,3
4973,3
4974,3
4975,2
4976,3
4977,2
4978,3
4979,1
4980,3
4981,1
4982,3
4983,2
4984,2
4985,3
4986,2
4987,3
4988,3
4989,2
4990,1
4991,3
4992,2
4993,3
4994,1
4995,2
4996,1
4997,2
4998,3
4999,3
5000,1
5001,2
5002,3
5003,3
5004,1
5005,2
5006,2
5007,2
5008,1
5009,3
5010,3
5011,3
5012,3
5013,3
5014,2
5015,3
5016,3
5017,2
5018,3
5019,2
5020,2
5021,2
5022,1
5023,2
5024,1
5025,1
5026,1
5027,1
5028,2
5029,2
5030,3
5031,2
5032,2
5033,1
5034,3
5035,2
5036,3
5037,2
5038,2
5039,3
5040,3
5041,3
5042,2
5043,2
5044,1
5045,3
5046,3
5047,3
5048,3
5049,2
5050,3
5051,1
5052,3
5053,2
5054,1
5055,2
5056,1
5057,2
5058,2
5059,2
5060,2
5061,2
5062,3
5063,3
5064,2
5065,3
5066,1
5067,2
5068,3
5069,3
5070,3
5071,3
5072,3
5073,1
5074,2
5075,2
5076,1
5077,3
5078,3
5079,3
5080,1
5081,1
5082,2
5083,3
5084,3
5085,3
5086,3
5087,3
5088,3
5089,3
5090,3
5091,2
5092,3
5093,3
5094,3
5095,3
5096,3
5097,3
5098,3
5099,3
5100,3
5101,3
5102,3
5103,2
5104,3
5105,2
5106,2
5107,2
5108,2
5109,3
5110,3
5111,3
5112,3
5113,1
5114,3
5115,3
5116,3
5117,3
5118,2
5119,3
5120,3
5121,3
5122,3
5123,3
5124,3
5125,3
5126,3
5127,3
5128,1
5129,3
5130,3
5131,3
5132,3
5133,1
5134,1
5135,3
5136,1
5137,3
5138,3
5139,2
5140,2
5141,3
5142,1
5143,1
5144,3
5145,2
5146,3
5147,3
5148,3
5149,3
5150,2
5151,3
5152,2
5153,1
5154,3
5155,1
5156,2
5157,1
5158,2
5159,3
5160,2
5161,3
5162,3
5163,1
5164,2
5165,3
5166,1
5167,3
5168,1
5169,3
5170,1
5171,2
5172,3
5173,3
5174,3
5175,3
5176,3
5177,2
5178,3
5179,2
5180,1
5181,1
5182,2
5183,3
5184,2
5185,3
5186,2
5187,2
5188,2
5189,3
5190,2
5191,1
5192,3
5193,1
5194,2
5195,1
5196,1
5197,1
5198,1
5199,3
5200,2
5201,1
5202,1
5203,3
5204,2
5205,3
5206,3
5207,2
5208,1
5209,2
5210,3
5211,1
5212,3
5213,2
5214,3
5215,3
5216,2
5217,1
5218,3
5219,1
5220,3
5221,3
5222,2
5223,1
5224,2
5225,2
5226,2
5227,2
5228,3
5229,3
5230,2
5231,3
5232,1
5233,3
5234,1
5235,2
5236,1
5237,3
5238,1
5239,1
5240,3
5241,3
5242,3
5243,1
5244,3
5245,3
5246,2
5247,3
5248,3
5249,3
5250,3
5251,3
5252,3
5253,2
5254,3
5255,3
5256,2
5257,1
5258,2
5259,2
5260,1
5261,3
5262,3
5263,3
5264,3
5265,1
5266,2
5267,3
5268,1
5269,3
5270,1
5271,2
5272,1
5273,3
5274,1
5275,1
5276,2
5277,1
5278,3
5279,1
5280,1
5281,1
5282,1
5283,3
5284,3
5285,3
5286,3
5287,3
5288,1
5289,2
5290,3
5291,3
5292,3
5293,3
5294,3
5295,2
5296,1
5297,2
5298,3
5299,3
5300,2
5301,3
5302,2
5303,3
5304,3
5305,2
5306,1
5307,2
5308,3
5309,1
5310,3
5311,2
5312,3
5313,3
5314,1
5315,1
5316,2
5317,2
5318,2
5319,2
5320,3
5321,2
5322,2
5323,3
5324,3
5325,3
5326,1
5327,3
5328,2
5329,3
5330,3
5331,3
5332,3
5333,3
5334,3
5335,1
5336,3
5337,3
5338,3
5339,3
5340,2
5341,3
5342,3
5343,3
5344,3
5345,2
5346,3
5347,3
5348,3
5349,3
5350,3
5351,3
5352,3
5353,3
5354,2
5355,3
5356,2
5357,3
5358,3
5359,3
5360,3
5361,3
5362,3
5363,3
5364,3
5365,3
5366,3
5367,3
5368,3
5369,3
5370,1
5371,3
5372,3
5373,3
5374,3
5375,3
5376,2
5377,3
5378,2
5379,2
5380,3
5381,1
5382,3
5383,3
5384,1
5385,3
5386,3
5387,3
5388,3
5389,3
5390,3
5391,1
5392,3
5393,3
5394,3
5395,3
5396,3
5397,3
5398,1
5399,3
5400,3
5401,3
5402,3
5403,3
5404,1
5405,3
5406,2
5407,3
5408,3
5409,2
5410,2
5411,3
5412,3
5413,1
5414,2
5415,3
5416,2
5417,3
5418,3
5419,1
5420,2
5421,3
5422,2
5423,3
5424,2
5425,3
5426,3
5427,3
5428,1
5429,3
5430,3
5431,1
5432,3
5433,3
5434,3
5435,1
5436,3
5437,3
5438,3
5439,3
5440,3
5441,3
5442,3
5443,3
5444,3
5445,1
5446,3
5447,2
5448,3
5449,1
5450,3
5451,3
5452,3
5453,3
5454,3
5455,3
5456,3
5457,3
5458,3
5459,3
5460,2
5461,1
5462,1
5463,3
5464,3
5465,1
5466,1
5467,1
5468,1
5469,1
5470,2
5471,3
5472,1
5473,1
5474,1
5475,3
5476,1
5477,2
5478,2
5479,1
5480,2
5481,2
5482,3
5483,1
5484,1
5485,1
5486,2
5487,1
5488,1
5489,3
5490,1
5491,2
5492,1
5493,1
5494,3
5495,3
5496,1
5497,3
5498,1
5499,1
5500,1
5501,1
5502,1
5503,1
5504,1
5505,3
5506,2
5507,3
5508,2
5509,1
5510,2
5511,2
5512,3
5513,2
5514,3
5515,1
5516,3
5517,3
5518,1
5519,2
5520,3
5521,1
5522,1
5523,1
5524,1
5525,3
5526,1
5527,1
5528,2
5529,3
5530,2
5531,2
5532,1
5533,2
5534,1
5535,1
5536,1
5537,2
5538,1
5539,3
5540,1
5541,3
5542,2
5543,2
5544,1
5545,1
5546,2
5547,2
5548,1
5549,1
5550,3
5551,3
5552,3
5553,3
5554,3
5555,1
5556,3
5557,3
5558,1
5559,2
5560,2
5561,1
5562,3
5563,2
5564,3
5565,1
5566,2
5567,1
5568,3
5569,1
5570,1
5571,2
5572,3
5573,1
5574,2
5575,1
5576,1
5577,1
5578,2
5579,1
5580,1
5581,2
5582,2
5583,1
5584,2
5585,2
5586,3
5587,3
5588,1
5589,2
5590,1
5591,1
5592,2
5593,3
5594,1
5595,1
5596,3
5597,3
5598,2
5599,3
5600,2
5601,3
5602,2
5603,3
5604,2
5605,1
5606,2
5607,3
5608,2
5609,2
5610,2
5611,1
5612,1
5613,3
5614,1
5615,2
5616,2
5617,1
5618,2
5619,2
5620,1
5621,2
5622,1
5623,1
5624,1
5625,2
5626,2
5627,1
5628,2
5629,1
5630,1
5631,2
5632,3
5633,1
5634,2
5635,1
5636,1
5637,3
5638,1
5639,1
5640,3
5641,1
5642,3
5643,2
5644,2
5645,3
5646,1
5647,1
5648,1
5649,1
5650,1
5651,1
5652,1
5653,1
5654,1
5655,1
5656,1
5657,3
5658,3
5659,3
5660,1
5661,2
5662,3
5663,2
5664,1
5665,1
5666,2
5667,1
5668,3
5669,2
5670,3
5671,2
5672,1
5673,2
5674,1
5675,1
5676,1
5677,2
5678,1
5679,1
5680,1
5681,1
5682,1
5683,2
5684,1
5685,3
5686,1
5687,2
5688,2
5689,1
5690,3
5691,1
5692,3
5693,2
5694,1
5695,3
5696,2
5697,3
5698,1
5699,1
5700,3
5701,3
5702,1
5703,2
5704,3
5705,3
5706,2
5707,1
5708,2
5709,1
5710,2
5711,1
5712,1
5713,3
5714,1
5715,1
5716,1
5717,1
5718,1
5719,1
5720,1
5721,2
5722,1
5723,3
5724,2
5725,2
5726,1
5727,2
5728,1
5729,1
5730,3
5731,1
5732,1
5733,3
5734,1
5735,2
5736,1
5737,3
5738,2
5739,2
5740,2
5741,2
5742,1
5743,2
5744,3
5745,2
5746,3
5747,1
5748,3
5749,3
5750,3
5751,1
5752,1
5753,1
5754,3
5755,2
5756,1
5757,2
5758,1
5759,3
5760,3
5761,2
5762,1
5763,3
5764,1
5765,2
5766,1
5767,2
5768,2
5769,2
5770,1
5771,1
5772,2
5773,2
5774,3
5775,2
5776,1
5777,3
5778,1
5779,2
5780,1
5781,1
5782,1
5783,1
5784,1
5785,2
5786,1
5787,1
5788,3
5789,3
5790,1
5791,3
5792,2
5793,1
5794,1
5795,2
5796,2
5797,1
5798,1
5799,1
5800,1
5801,2
5802,3
5803,1
5804,2
5805,3
5806,1
5807,3
5808,1
5809,3
5810,3
5811,2
5812,1
5813,2
5814,1
5815,1
5816,1
5817,2
5818,2
5819,1
5820,2
5821,2
5822,2
5823,1
5824,3
5825,2
5826,1
5827,1
5828,2
5829,1
5830,2
5831,1
5832,1
5833,1
5834,3
5835,1
5836,1
5837,1
5838,3
5839,1
5840,1
5841,2
5842,1
5843,1
5844,1
5845,2
5846,1
5847,1
5848,2
5849,2
5850,1
5851,1
5852,3
5853,1
5854,3
5855,1
5856,1
5857,2
5858,2
5859,1
5860,2
5861,1
5862,1
5863,1
5864,1
5865,1
5866,2
5867,2
5868,1
5869,2
5870,2
5871,3
5872,1
5873,2
5874,3
5875,3
5876,2
5877,3
5878,1
5879,1
5880,1
5881,1
5882,1
5883,1
5884,1
5885,1
5886,1
5887,3
5888,1
5889,2
5890,2
5891,1
5892,2
5893,3
5894,1
5895,2
5896,2
5897,2
5898,1
5899,3
5900,1
5901,1
5902,1
5903,3
5904,1
5905,1
5906,2
5907,2
5908,1
5909,3
5910,2
5911,2
5912,2
5913,2
5914,1
5915,2
5916,1
5917,3
5918,2
5919,1
5920,3
5921,1
5922,2
5923,3
5924,1
5925,1
5926,2
5927,1
5928,1
5929,1
5930,1
5931,2
5932,1
5933,3
5934,3
5935,1
5936,2
5937,2
5938,1
5939,3
5940,1
5941,1
5942,1
5943,1
5944,1
5945,3
5946,3
5947,2
5948,2
5949,3
5950,1
5951,1
5952,3
5953,2
5954,1
5955,2
5956,2
5957,1
5958,2
5959,1
5960,3
5961,2
5962,1
5963,2
5964,2
5965,2
5966,2
5967,3
5968,1
5969,1
5970,1
5971,2
5972,3
5973,3
5974,2
5975,1
5976,2
5977,2
5978,1
5979,3
5980,1
5981,1
5982,1
5983,2
5984,1
5985,2
5986,3
5987,3
5988,1
5989,3
5990,2
5991,1
5992,2
5993,2
5994,1
5995,2
5996,3
5997,1
5998,2
5999,1
6000,1
6001,3
6002,1
6003,1
6004,1
6005,2
6006,3
6007,1
6008,2
6009,3
6010,3
6011,1
6012,1
6013,1
6014,1
6015,1
6016,2
6017,3
6018,2
6019,1
6020,1
6021,3
6022,1
6023,1
6024,1
6025,2
6026,1
6027,2
6028,1
6029,1
6030,1
6031,3
6032,2
6033,2
6034,3
6035,2
6036,2
6037,1
6038,1
6039,3
6040,1
6041,1
6042,2
6043,3
6044,3
6045,1
6046,3
6047,3
6048,1
6049,3
6050,1
6051,3
6052,3
6053,2
6054,2
6055,1
6056,2
6057,3
6058,1
6059,1
6060,3
6061,2
6062,3
6063,1
6064,2
6065,3
6066,2
6067,3
6068,3
6069,1
6070,2
6071,1
6072,3
6073,1
6074,3
6075,2
6076,1
6077,2
6078,3
6079,1
6080,2
6081,1
6082,2
6083,2
6084,1
6085,1
6086,2
6087,3
6088,1
6089,1
6090,1
6091,1
6092,1
6093,2
6094,1
6095,3
6096,2
6097,3
6098,1
6099,1
6100,2
6101,1
6102,1
6103,3
6104,1
6105,3
6106,2
6107,2
6108,3
6109,1
6110,1
6111,3
6112,3
6113,1
6114,2
6115,2
6116,1
6117,3
6118,2
6119,1
6120,1
6121,2
6122,1
6123,1
6124,2
6125,3
6126,3
6127,3
6128,1
6129,3
6130,3
6131,1
6132,1
6133,2
6134,3
6135,1
6136,3
6137,1
6138,1
6139,2
6140,3
6141,3
6142,1
6143,3
6144,2
6145,1
6146,3
6147,1
6148,3
6149,2
6150,1
6151,2
6152,1
6153,2
6154,2
6155,1
6156,2
6157,3
6158,1
6159,3
6160,3
6161,3
6162,3
6163,1
6164,2
6165,3
6166,1
6167,1
6168,1
6169,2
6170,2
6171,1
6172,2
6173,1
6174,1
6175,3
6176,2
6177,1
6178,1
6179,3
6180,1
6181,2
6182,3
6183,2
6184,1
6185,3
6186,1
6187,3
6188,1
6189,1
6190,1
6191,2
6192,2
6193,1
6194,3
6195,3
6196,1
6197,1
6198,1
6199,1
6200,1
6201,3
6202,1
6203,2
6204,1
6205,2
6206,1
6207,2
6208,3
6209,2
6210,2
6211,3
6212,3
6213,3
6214,3
6215,3
6216,1
6217,1
6218,2
6219,3
6220,2
6221,3
6222,1
6223,2
6224,3
6225,1
6226,1
6227,3
6228,1
6229,3
6230,1
6231,3
6232,2
6233,1
6234,3
6235,1
6236,3
6237,3
6238,1
6239,2
6240,3
6241,1
6242,1
6243,1
6244,3
6245,1
6246,1
6247,1
6248,2
6249,2
6250,2
6251,2
6252,3
6253,2
6254,1
6255,2
6256,3
6257,1
6258,2
6259,2
6260,1
6261,2
6262,3
6263,2
6264,3
6265,1
6266,3
6267,1
6268,2
6269,1
6270,1
6271,3
6272,3
6273,1
6274,3
6275,3
6276,1
6277,2
6278,1
6279,1
6280,3
6281,2
6282,2
6283,2
6284,3
6285,3
6286,1
6287,3
6288,1
6289,2
6290,2
6291,3
6292,2
6293,1
6294,1
6295,2
6296,3
6297,1
6298,2
6299,2
6300,2
6301,2
6302,1
6303,2
6304,1
6305,2
6306,1
6307,2
6308,3
6309,2
6310,1
6311,1
6312,2
6313,1
6314,3
6315,1
6316,3
6317,2
6318,2
6319,1
6320,2
6321,3
6322,1
6323,2
6324,1
6325,1
6326,1
6327,1
6328,2
6329,1
6330,1
6331,3
6332,1
6333,1
6334,1
6335,3
6336,2
6337,1
6338,3
6339,1
6340,3
6341,2
6342,1
6343,1
6344,3
6345,2
6346,3
6347,2
6348,3
6349,3
6350,2
6351,1
6352,2
6353,2
6354,2
6355,1
6356,1
6357,3
6358,3
6359,1
6360,3
6361,1
6362,3
6363,3
6364,3
6365,3
6366,1
6367,2
6368,2
6369,2
6370,3
6371,1
6372,1
6373,1
6374,1
6375,1
6376,3
6377,2
6378,3
6379,2
6380,2
6381,3
6382,3
6383,2
6384,3
6385,2
6386,3
6387,3
6388,1
6389,3
6390,2
6391,1
6392,1
6393,1
6394,2
6395,3
6396,2
6397,2
6398,3
6399,1
6400,2
6401,3
6402,1
6403,2
6404,2
6405,1
6406,3
6407,1
6408,3
6409,1
6410,2
6411,3
6412,3
6413,1
6414,2
6415,1
6416,2
6417,2
6418,1
6419,3
6420,3
6421,1
6422,2
6423,3
6424,1
6425,1
6426,1
6427,1
6428,1
6429,3
6430,1
6431,1
6432,1
6433,1
6434,3
6435,3
6436,1
6437,2
6438,1
6439,1
6440,3
6441,3
6442,2
6443,2
6444,3
6445,2
6446,2
6447,1
6448,3
6449,3
6450,3
6451,3
6452,2
6453,1
6454,2
6455,1
6456,3
6457,2
6458,1
6459,1
6460,3
6461,3
6462,1
6463,1
6464,3
6465,2
6466,1
6467,1
6468,2
6469,2
6470,3
6471,1
6472,2
6473,2
6474,3
6475,3
6476,2
6477,2
6478,1
6479,2
6480,3
6481,3
6482,2
6483,3
6484,3
6485,3
6486,1
6487,1
6488,1
6489,3
6490,2
6491,2
6492,3
6493,3
6494,1
6495,1
6496,1
6497,1
6498,1
6499,2
6500,2
6501,1
6502,1
6503,1
6504,3
6505,1
6506,3
6507,1
6508,3
6509,1
6510,1
6511,2
6512,3
6513,3
6514,1
6515,2
6516,2
6517,2
6518,3
6519,2
6520,2
6521,3
6522,1
6523,1
6524,3
6525,1
6526,2
6527,2
6528,1
6529,3
6530,3
6531,3
6532,1
6533,3
6534,1
6535,2
6536,2
6537,1
6538,1
6539,3
6540,2
6541,1
6542,3
6543,3
6544,1
6545,3
6546,3
6547,1
6548,3
6549,2
6550,3
6551,2
6552,3
6553,3
6554,3
6555,1
6556,2
6557,1
6558,2
6559,3
6560,2
6561,2
6562,3
6563,3
6564,2
6565,1
6566,2
6567,3
6568,2
6569,1
6570,1
6571,1
6572,2
6573,1
6574,2
6575,1
6576,1
6577,2
6578,3
6579,1
6580,1
6581,2
6582,3
6583,1
6584,3
6585,3
6586,3
6587,2
6588,1
6589,3
6590,3
6591,3
6592,3
6593,2
6594,2
6595,3
6596,2
6597,1
6598,2
6599,2
6600,3
6601,3
6602,3
6603,2
6604,2
6605,3
6606,1
6607,3
6608,2
6609,2
6610,3
6611,3
6612,1
6613,1
6614,2
6615,2
6616,1
6617,2
6618,1
6619,1
6620,3
6621,1
6622,1
6623,3
6624,3
6625,2
6626,1
6627,1
6628,2
6629,3
6630,3
6631,1
6632,1
6633,2
6634,3
6635,3
6636,3
6637,3
6638,2
6639,3
6640,2
6641,3
6642,1
6643,3
6644,2
6645,3
6646,1
6647,1
6648,1
6649,1
6650,3
6651,2
6652,2
6653,1
6654,2
6655,2
6656,2
6657,2
6658,3
6659,3
6660,1
6661,3
6662,2
6663,3
6664,3
6665,2
6666,3
6667,3
6668,3
6669,1
6670,3
6671,2
6672,3
6673,1
6674,2
6675,2
6676,2
6677,1
6678,3
6679,3
6680,1
6681,3
6682,1
6683,2
6684,1
6685,1
6686,2
6687,2
6688,1
6689,2
6690,2
6691,3
6692,1
6693,1
6694,3
6695,3
6696,2
6697,1
6698,1
6699,1
6700,1
6701,1
6702,1
6703,2
6704,3
6705,3
6706,1
6707,3
6708,2
6709,3
6710,1
6711,1
6712,1
6713,1
6714,3
6715,1
6716,1
6717,2
6718,1
6719,2
6720,3
6721,1
6722,1
6723,1
6724,1
6725,2
6726,2
6727,3
6728,2
6729,1
6730,2
6731,1
6732,2
6733,1
6734,3
6735,3
6736,3
6737,1
6738,3
6739,2
6740,1
6741,1
6742,1
6743,2
6744,3
6745,3
6746,1
6747,2
6748,2
6749,1
6750,2
6751,3
6752,2
6753,2
6754,2
6755,1
6756,2
6757,2
6758,2
6759,3
6760,1
6761,2
6762,1
6763,1
6764,2
6765,1
6766,3
6767,2
6768,1
6769,1
6770,1
6771,3
6772,2
6773,2
6774,2
6775,2
6776,1
6777,1
6778,3
6779,1
6780,1
6781,1
6782,1
6783,2
6784,1
6785,3
6786,2
6787,1
6788,3
6789,2
6790,1
6791,3
6792,3
6793,1
6794,1
6795,2
6796,2
6797,1
6798,2
6799,2
6800,2
6801,2
6802,3
6803,2
6804,2
6805,2
6806,2
6807,1
6808,3
6809,3
6810,2
6811,1
6812,1
6813,3
6814,1
6815,2
6816,2
6817,2
6818,3
6819,1
6820,1
6821,2
6822,3
6823,2
6824,1
6825,2
6826,1
6827,2
6828,3
6829,2
6830,2
6831,1
6832,3
6833,3
6834,1
6835,3
6836,2
6837,1
6838,3
6839,1
6840,2
6841,3
6842,2
6843,3
6844,1
6845,2
6846,3
6847,1
6848,3
6849,1
6850,1
6851,2
6852,1
6853,2
6854,1
6855,1
6856,1
6857,2
6858,1
6859,2
6860,2
6861,3
6862,2
6863,2
6864,1
6865,3
6866,1
6867,2
6868,3
6869,2
6870,3
6871,1
6872,2
6873,1
6874,2
6875,1
6876,2
6877,1
6878,1
6879,2
6880,2
6881,1
6882,1
6883,1
6884,3
6885,2
6886,2
6887,1
6888,3
6889,3
6890,1
6891,2
6892,2
6893,1
6894,2
6895,2
6896,2
6897,2
6898,2
6899,3
6900,3
6901,1
6902,3
6903,1
6904,1
6905,3
6906,3
6907,3
6908,3
6909,2
6910,3
6911,1
6912,2
6913,1
6914,1
6915,3
6916,3
6917,1
6918,3
6919,1
6920,1
6921,1
6922,1
6923,2
6924,1
6925,3
6926,3
6927,1
6928,1
6929,3
6930,3
6931,1
6932,1
6933,1
6934,1
6935,1
6936,1
6937,3
6938,2
6939,1
6940,1
6941,3
6942,1
6943,3
6944,2
6945,3
6946,2
6947,2
6948,3
6949,2
6950,3
6951,2
6952,1
6953,2
6954,3
6955,2
6956,1
6957,3
6958,3
6959,1
6960,1
6961,1
6962,3
6963,1
6964,3
6965,2
6966,3
6967,3
6968,1
6969,1
6970,1
6971,1
6972,3
6973,2
6974,2
6975,3
6976,2
6977,2
6978,2
6979,3
6980,1
6981,2
6982,2
6983,1
6984,2
6985,1
6986,1
6987,3
6988,3
6989,3
6990,3
6991,2
6992,1
6993,3
6994,1
6995,2
6996,3
6997,1
6998,1
6999,3
7000,1
7001,2
7002,3
7003,1
7004,2
7005,1
7006,3
7007,3
7008,3
7009,1
7010,1
7011,3
7012,1
7013,2
7014,3
7015,1
7016,1
7017,3
7018,2
7019,3
7020,2
7021,1
7022,2
7023,3
7024,1
7025,2
7026,1
7027,3
7028,2
7029,2
7030,3
7031,3
7032,3
7033,3
7034,3
7035,2
7036,1
7037,3
7038,3
7039,3
7040,1
7041,1
7042,1
7043,3
7044,1
7045,3
7046,1
7047,1
7048,2
7049,3
7050,1
7051,2
7052,2
7053,3
7054,1
7055,1
7056,3
7057,1
7058,2
7059,1
7060,3
7061,3
7062,2
7063,1
7064,3
7065,1
7066,3
7067,2
7068,3
7069,3
7070,1
7071,2
7072,2
7073,3
7074,3
7075,1
7076,2
7077,3
7078,1
7079,2
7080,1
7081,3
7082,2
7083,1
7084,2
7085,1
7086,3
7087,2
7088,2
7089,1
7090,1
7091,2
7092,2
7093,1
7094,2
7095,3
7096,1
7097,3
7098,1
7099,3
7100,1
7101,2
7102,3
7103,3
7104,1
7105,2
7106,3
7107,3
7108,1
7109,2
7110,3
7111,3
7112,2
7113,1
7114,2
7115,3
7116,2
7117,3
7118,3
7119,3
7120,2
7121,3
7122,2
7123,3
7124,3
7125,2
7126,3
7127,3
7128,3
7129,3
7130,3
7131,1
7132,1
7133,3
7134,1
7135,2
7136,2
7137,3
7138,3
7139,1
7140,2
7141,3
7142,2
7143,2
7144,3
7145,2
7146,3
7147,2
7148,2
7149,3
7150,2
7151,2
7152,3
7153,1
7154,1
7155,3
7156,1
7157,1
7158,3
7159,2
7160,3
7161,1
7162,1
7163,3
7164,1
7165,3
7166,3
7167,3
7168,3
7169,3
7170,1
7171,3
7172,3
7173,2
7174,1
7175,3
7176,3
7177,2
7178,3
7179,2
7180,2
7181,3
7182,1
7183,2
7184,3
7185,1
7186,2
7187,3
7188,1
7189,3
7190,3
7191,2
7192,3
7193,3
7194,3
7195,3
7196,1
7197,2
7198,3
7199,1
7200,3
7201,1
7202,1
7203,1
7204,1
7205,2
7206,3
7207,3
7208,1
7209,3
7210,2
7211,1
7212,2
7213,3
7214,3
7215,2
7216,3
7217,2
7218,1
7219,3
7220,1
7221,3
7222,2
7223,3
7224,2
7225,3
7226,2
7227,3
7228,1
7229,2
7230,3
7231,1
7232,2
7233,3
7234,3
7235,1
7236,2
7237,2
7238,1
7239,1
7240,3
7241,3
7242,1
7243,3
7244,3
7245,2
7246,3
7247,1
7248,2
7249,1
7250,2
7251,1
7252,1
7253,3
7254,3
7255,2
7256,2
7257,2
7258,1
7259,3
7260,2
7261,2
7262,1
7263,2
7264,2
7265,2
7266,1
7267,2
7268,2
7269,1
7270,1
7271,2
7272,2
7273,1
7274,3
7275,1
7276,3
7277,2
7278,1
7279,1
7280,3
7281,3
7282,1
7283,3
7284,2
7285,3
7286,3
7287,3
7288,3
7289,3
7290,3
7291,3
7292,2
7293,1
7294,1
7295,2
7296,3
7297,3
7298,3
7299,3
7300,1
7301,3
7302,3
7303,2
7304,2
7305,1
7306,1
7307,3
7308,3
7309,1
7310,3
7311,2
7312,1
7313,3
7314,2
7315,3
7316,2
7317,1
7318,2
7319,1
7320,3
7321,2
7322,3
7323,3
7324,3
7325,3
7326,3
7327,3
7328,1
7329,3
7330,2
7331,1
7332,3
7333,2
7334,1
7335,3
7336,3
7337,1
7338,3
7339,1
7340,2
7341,1
7342,3
7343,1
7344,1
7345,1
7346,1
7347,3
7348,1
7349,3
7350,3
7351,1
7352,3
7353,3
7354,3
7355,1
7356,3
7357,3
7358,1
7359,2
7360,3
7361,2
7362,1
7363,3
7364,3
7365,3
7366,2
7367,3
7368,2
7369,3
7370,2
7371,2
7372,3
7373,3
7374,1
7375,1
7376,1
7377,2
7378,1
7379,2
7380,2
7381,3
7382,3
7383,3
7384,1
7385,3
7386,2
7387,3
7388,2
7389,3
7390,2
7391,3
7392,3
7393,1
7394,1
7395,3
7396,1
7397,2
7398,1
7399,3
7400,1
7401,1
7402,3
7403,2
7404,2
7405,3
7406,1
7407,2
7408,1
7409,1
7410,1
7411,2
7412,3
7413,3
7414,2
7415,2
7416,2
7417,3
7418,2
7419,1
7420,3
7421,1
7422,3
7423,1
7424,2
7425,1
7426,3
7427,3
7428,1
7429,3
7430,3
7431,3
7432,3
7433,2
7434,1
7435,3
7436,2
7437,1
7438,3
7439,2
7440,1
7441,3
7442,3
7443,3
7444,1
7445,3
7446,1
7447,1
7448,3
7449,2
7450,3
7451,1
7452,3
7453,2
7454,1
7455,1
7456,3
7457,2
7458,3
7459,2
7460,3
7461,3
7462,2
7463,3
7464,3
7465,1
7466,3
7467,3
7468,3
7469,3
7470,1
7471,2
7472,3
7473,3
7474,3
7475,2
7476,1
7477,2
7478,3
7479,3
7480,1
7481,2
7482,1
7483,1
7484,3
7485,1
7486,1
7487,1
7488,3
7489,1
7490,3
7491,2
7492,3
7493,1
7494,2
7495,1
7496,2
7497,1
7498,2
7499,1
7500,1
7501,2
7502,1
7503,1
7504,3
7505,1
7506,3
7507,1
7508,1
7509,1
7510,1
7511,1
7512,1
7513,1
7514,1
7515,2
7516,2
7517,1
7518,3
7519,3
7520,1
7521,2
7522,2
7523,2
7524,1
7525,2
7526,1
7527,2
7528,3
7529,1
7530,2
7531,1
7532,3
7533,2
7534,1
7535,2
7536,1
7537,1
7538,2
7539,1
7540,1
7541,2
7542,1
7543,3
7544,2
7545,2
7546,1
7547,1
7548,2
7549,2
7550,3
7551,3
7552,2
7553,3
7554,1
7555,2
7556,1
7557,2
7558,1
7559,2
7560,2
7561,2
7562,1
7563,2
7564,3
7565,2
7566,3
7567,3
7568,1
7569,2
7570,3
7571,3
7572,1
7573,2
7574,2
7575,3
7576,3
7577,3
7578,3
7579,1
7580,1
7581,3
7582,3
7583,3
7584,2
7585,2
7586,2
7587,3
7588,3
7589,2
7590,3
7591,1
7592,1
7593,1
7594,3
7595,1
7596,2
7597,3
7598,3
7599,2
7600,2
7601,1
7602,3
7603,3
7604,1
7605,3
7606,1
7607,2
7608,1
7609,2
7610,2
7611,3
7612,3
7613,1
7614,3
7615,2
7616,2
7617,3
7618,3
7619,1
7620,3
7621,3
7622,1
7623,3
7624,2
7625,1
7626,1
7627,1
7628,2
7629,1
7630,2
7631,1
7632,2
7633,1
7634,1
7635,2
7636,1
7637,1
7638,2
7639,1
7640,3
7641,2
7642,1
7643,2
7644,2
7645,1
7646,3
7647,2
7648,2
7649,2
7650,3
7651,1
7652,3
7653,1
7654,1
7655,3
7656,1
7657,1
7658,1
7659,2
7660,1
7661,2
7662,1
7663,3
7664,2
7665,3
7666,2
7667,1
7668,2
7669,2
7670,2
7671,1
7672,2
7673,1
7674,1
7675,1
7676,3
7677,2
7678,2
7679,3
7680,1
7681,1
7682,1
7683,2
7684,1
7685,2
7686,1
7687,1
7688,3
7689,2
7690,1
7691,2
7692,1
7693,1
7694,2
7695,1
7696,2
7697,1
7698,1
7699,2
7700,1
7701,2
7702,2
7703,3
7704,1
7705,2
7706,3
7707,2
7708,3
7709,1
7710,1
7711,3
7712,2
7713,2
7714,2
7715,1
7716,1
7717,1
7718,2
7719,3
7720,1
7721,1
7722,2
7723,3
7724,2
7725,2
7726,2
7727,1
7728,3
7729,1
7730,2
7731,1
7732,1
7733,1
7734,1
7735,1
7736,3
7737,2
7738,3
7739,1
7740,1
7741,2
7742,3
7743,1
7744,2
7745,3
7746,1
7747,3
7748,3
7749,3
7750,2
7751,3
7752,1
7753,3
7754,1
7755,3
7756,3
7757,1
7758,1
7759,1
7760,1
7761,3
7762,2
7763,3
7764,2
7765,3
7766,2
7767,3
7768,3
7769,1
7770,1
7771,2
7772,2
7773,1
7774,1
7775,1
7776,2
7777,1
7778,2
7779,3
7780,3
7781,3
7782,2
7783,1
7784,3
7785,3
7786,2
7787,1
7788,2
7789,2
7790,1
7791,3
7792,1
7793,2
7794,3
7795,3
7796,2
7797,1
7798,2
7799,3
7800,1
7801,3
7802,3
7803,2
7804,2
7805,2
7806,3
7807,3
7808,2
7809,3
7810,1
7811,3
7812,3
7813,2
7814,1
7815,2
7816,3
7817,2
7818,3
7819,3
7820,2
7821,2
7822,1
7823,2
7824,1
7825,1
7826,1
7827,3
7828,1
7829,1
7830,2
7831,2
7832,1
7833,3
7834,3
7835,3
7836,2
7837,3
7838,1
7839,1
7840,3
7841,1
7842,2
7843,3
7844,1
7845,2
7846,3
7847,1
7848,2
7849,1
7850,2
7851,3
7852,2
7853,1
7854,2
7855,1
7856,3
7857,3
7858,2
7859,3
7860,2
7861,3
7862,3
7863,1
7864,3
7865,3
7866,3
7867,1
7868,3
7869,1
7870,1
7871,2
7872,3
7873,2
7874,1
7875,1
7876,3
7877,1
7878,3
7879,1
7880,1
7881,3
7882,3
7883,3
7884,2
7885,2
7886,3
7887,1
7888,3
7889,2
7890,2
7891,2
7892,3
7893,1
7894,2
7895,1
7896,3
7897,3
7898,1
7899,1
7900,2
7901,1
7902,2
7903,3
7904,1
7905,1
7906,3
7907,1
7908,2
7909,1
7910,2
7911,1
7912,2
7913,1
7914,3
7915,3
7916,3
7917,2
7918,3
7919,1
7920,3
7921,3
7922,2
7923,1
7924,1
7925,2
7926,3
7927,1
7928,1
7929,2
7930,1
7931,2
7932,2
7933,2
7934,1
7935,1
7936,2
7937,2
7938,2
7939,3
7940,3
7941,1
7942,1
7943,1
7944,2
7945,3
7946,1
7947,1
7948,2
7949,1
7950,1
7951,3
7952,3
7953,1
7954,1
7955,3
7956,2
7957,2
7958,1
7959,2
7960,2
7961,1
7962,2
7963,2
7964,2
7965,3
7966,3
7967,2
7968,1
7969,2
7970,3
7971,1
7972,3
7973,3
7974,3
7975,3
7976,1
7977,2
7978,3
7979,2
7980,1
7981,2
7982,1
7983,2
7984,3
7985,3
7986,1
7987,1
7988,2
7989,1
7990,2
7991,1
7992,3
7993,2
7994,2
7995,2
7996,1
7997,2
7998,3
7999,3
8000,3
8001,1
8002,2
8003,2
8004,1
8005,1
8006,3
8007,3
8008,3
8009,2
8010,1
8011,1
8012,1
8013,1
8014,2
8015,2
8016,1
8017,2
8018,3
8019,3
8020,2
8021,1
8022,1
8023,2
8024,2
8025,1
8026,1
8027,1
8028,1
8029,1
8030,1
8031,3
8032,3
8033,1
8034,1
8035,1
8036,2
8037,2
8038,3
8039,1
8040,2
8041,2
8042,1
8043,3
8044,2
8045,1
8046,2
8047,2
8048,2
8049,3
8050,1
8051,1
8052,2
8053,2
8054,3
8055,3
8056,1
8057,2
8058,2
8059,2
8060,1
8061,1
8062,2
8063,2
8064,2
8065,2
8066,1
8067,3
8068,3
8069,2
8070,2
8071,2
8072,3
8073,1
8074,1
8075,1
8076,2
8077,2
8078,1
8079,1
8080,1
8081,3
8082,1
8083,2
8084,3
8085,3
8086,2
8087,2
8088,2
8089,1
8090,2
8091,2
8092,1
8093,3
8094,1
8095,2
8096,2
8097,1
8098,2
8099,2
8100,3
8101,2
8102,3
8103,3
8104,3
8105,1
8106,2
8107,2
8108,3
8109,3
8110,3
8111,2
8112,1
8113,1
8114,3
8115,3
8116,1
8117,1
8118,3
8119,3
8120,3
8121,1
8122,2
8123,3
8124,1
8125,3
8126,3
8127,1
8128,2
8129,3
8130,1
8131,1
8132,3
8133,1
8134,1
8135,2
8136,3
8137,1
8138,3
8139,3
8140,1
8141,2
8142,3
8143,3
8144,3
8145,1
8146,3
8147,3
8148,1
8149,1
8150,1
8151,3
8152,3
8153,1
8154,1
8155,1
8156,3
8157,1
8158,2
8159,2
8160,1
8161,2
8162,3
8163,2
8164,1
8165,1
8166,2
8167,1
8168,1
8169,2
8170,3
8171,3
8172,3
8173,3
8174,2
8175,3
8176,3
8177,3
8178,1
8179,2
8180,3
8181,3
8182,1
8183,3
8184,2
8185,3
8186,1
8187,3
8188,3
8189,2
8190,2
8191,1
8192,3
8193,3
8194,2
8195,3
8196,3
8197,1
8198,1
8199,3
8200,1
8201,1
8202,2
8203,1
8204,3
8205,2
8206,1
8207,2
8208,3
8209,3
8210,1
8211,3
8212,2
8213,3
8214,2
8215,3
8216,2
8217,2
8218,2
8219,3
8220,3
8221,3
8222,3
8223,2
8224,3
8225,2
8226,2
8227,2
8228,1
8229,3
8230,1
8231,1
8232,3
8233,2
8234,2
8235,2
8236,1
8237,2
8238,2
8239,3
8240,2
8241,3
8242,3
8243,3
8244,3
8245,3
8246,3
8247,2
8248,1
8249,1
8250,1
8251,1
8252,3
8253,3
8254,3
8255,3
8256,1
8257,2
8258,3
8259,2
8260,1
8261,1
8262,2
8263,1
8264,3
8265,1
8266,3
8267,1
8268,2
8269,3
8270,3
8271,3
8272,2
8273,3
8274,2
8275,2
8276,1
8277,3
8278,2
8279,2
8280,1
8281,2
8282,1
8283,3
8284,1
8285,1
8286,2
8287,3
8288,3
8289,1
8290,2
8291,2
8292,3
8293,3
8294,3
8295,1
8296,3
8297,3
8298,2
8299,3
8300,1
8301,1
8302,3
8303,2
8304,3
8305,2
8306,1
8307,3
8308,3
8309,3
8310,3
8311,1
8312,2
8313,3
8314,1
8315,3
8316,1
8317,3
8318,3
8319,1
8320,3
8321,1
8322,3
8323,1
8324,2
8325,3
8326,1
8327,1
8328,3
8329,2
8330,3
8331,2
8332,1
8333,1
8334,3
8335,3
8336,3
8337,1
8338,2
8339,3
8340,3
8341,3
8342,3
8343,2
8344,2
8345,3
8346,1
8347,3
8348,3
8349,3
8350,1
8351,3
8352,3
8353,2
8354,2
8355,1
8356,3
8357,3
8358,1
8359,2
8360,1
8361,1
8362,1
8363,2
8364,3
8365,3
8366,3
8367,3
8368,1
8369,2
8370,3
8371,2
8372,3
8373,2
8374,2
8375,2
8376,1
8377,3
8378,3
8379,2
8380,3
8381,3
8382,1
8383,2
8384,1
8385,1
8386,3
8387,1
8388,1
8389,3
8390,2
8391,1
8392,2
8393,3
8394,2
8395,3
8396,2
8397,3
8398,3
8399,3
8400,1
8401,1
8402,3
8403,2
8404,1
8405,3
8406,1
8407,3
8408,1
8409,2
8410,2
8411,1
8412,2
8413,3
8414,1
8415,3
8416,3
8417,1
8418,2
8419,3
8420,1
8421,1
8422,1
8423,1
8424,2
8425,1
8426,1
8427,3
8428,1
8429,3
8430,2
8431,3
8432,3
8433,1
8434,1
8435,3
8436,3
8437,3
8438,3
8439,1
8440,3
8441,3
8442,2
8443,3
8444,3
8445,2
8446,3
8447,2
8448,3
8449,2
8450,1
8451,3
8452,3
8453,3
8454,1
8455,1
8456,1
8457,3
8458,2
8459,2
8460,1
8461,1
8462,1
8463,1
8464,3
8465,1
8466,3
8467,3
8468,2
8469,1
8470,3
8471,3
8472,1
8473,1
8474,1
8475,3
8476,2
8477,3
8478,1
8479,1
8480,1
8481,2
8482,1
8483,3
8484,3
8485,2
8486,1
8487,3
8488,3
8489,3
8490,3
8491,3
8492,2
8493,1
8494,3
8495,3
8496,1
8497,2
8498,1
8499,3
8500,2
8501,3
8502,2
8503,2
8504,2
8505,3
8506,2
8507,2
8508,1
8509,1
8510,3
8511,1
8512,1
8513,2
8514,2
8515,1
8516,2
8517,1
8518,1
8519,1
8520,1
8521,2
8522,1
8523,2
8524,1
8525,2
8526,2
8527,3
8528,2
8529,1
8530,1
8531,1
8532,2
8533,1
8534,2
8535,1
8536,1
8537,3
8538,1
8539,3
8540,3
8541,1
8542,3
8543,3
8544,1
8545,3
8546,1
8547,2
8548,3
8549,1
8550,1
8551,1
8552,1
8553,2
8554,2
8555,1
8556,2
8557,1
8558,1
8559,3
8560,1
8561,1
8562,2
8563,1
8564,2
8565,2
8566,2
8567,2
8568,3
8569,1
8570,3
8571,3
8572,2
8573,2
8574,1
8575,1
8576,2
8577,1
8578,1
8579,2
8580,2
8581,1
8582,1
8583,3
8584,2
8585,3
8586,1
8587,3
8588,3
8589,2
8590,1
8591,2
8592,1
8593,2
8594,2
8595,1
8596,2
8597,2
8598,1
8599,2
8600,2
8601,3
8602,3
8603,2
8604,3
8605,2
8606,3
8607,1
8608,2
8609,1
8610,2
8611,3
8612,1
8613,2
8614,1
8615,3
8616,1
8617,1
8618,1
8619,2
8620,2
8621,2
8622,2
8623,3
8624,1
8625,1
8626,1
8627,3
8628,2
8629,2
8630,3
8631,1
8632,1
8633,1
8634,1
8635,2
8636,2
8637,1
8638,3
8639,1
8640,3
8641,3
8642,2
8643,2
8644,1
8645,1
8646,1
8647,1
8648,2
8649,3
8650,2
8651,2
8652,1
8653,2
8654,1
8655,2
8656,3
8657,1
8658,1
8659,3
8660,3
8661,1
8662,3
8663,2
8664,3
8665,3
8666,1
8667,2
8668,2
8669,1
8670,1
8671,1
8672,2
8673,2
8674,1
8675,1
8676,1
8677,2
8678,1
8679,1
8680,1
8681,1
8682,3
8683,2
8684,1
8685,2
8686,2
8687,2
8688,1
8689,2
8690,1
8691,3
8692,1
8693,2
8694,1
8695,2
8696,1
8697,1
8698,2
8699,3
8700,1
8701,2
8702,1
8703,3
8704,3
8705,2
8706,1
8707,3
8708,1
8709,2
8710,3
8711,1
8712,2
8713,3
8714,1
8715,1
8716,1
8717,1
8718,1
8719,1
8720,1
8721,3
8722,1
8723,1
8724,3
8725,2
8726,2
8727,3
8728,1
8729,3
8730,1
8731,1
8732,2
8733,1
8734,3
8735,1
8736,2
8737,1
8738,3
8739,2
8740,2
8741,1
8742,1
8743,2
8744,2
8745,2
8746,2
8747,2
8748,1
8749,2
8750,3
8751,2
8752,1
8753,2
8754,3
8755,2
8756,3
8757,1
8758,3
8759,3
8760,1
8761,2
8762,2
8763,2
8764,3
8765,1
8766,2
8767,2
8768,1
8769,2
8770,1
8771,3
8772,2
8773,1
8774,2
8775,1
8776,3
8777,1
8778,2
8779,1
8780,1
8781,1
8782,2
8783,1
8784,1
8785,1
8786,3
8787,3
8788,3
8789,1
8790,1
8791,1
8792,2
8793,1
8794,1
8795,1
8796,1
8797,2
8798,1
8799,1
8800,3
8801,1
8802,2
8803,2
8804,2
8805,1
8806,2
8807,1
8808,1
8809,2
8810,3
8811,2
8812,3
8813,2
8814,1
8815,2
8816,2
8817,2
8818,3
8819,1
8820,2
8821,3
8822,2
8823,1
8824,1
8825,2
8826,2
8827,2
8828,2
8829,1
8830,1
8831,3
8832,2
8833,1
8834,1
8835,2
8836,3
8837,1
8838,3
8839,3
8840,2
8841,2
8842,1
8843,1
8844,1
8845,2
8846,3
8847,3
8848,2
8849,3
8850,3
8851,1
8852,2
8853,3
8854,2
8855,2
8856,2
8857,3
8858,3
8859,1
8860,2
8861,1
8862,2
8863,3
8864,3
8865,2
8866,3
8867,3
8868,2
8869,3
8870,1
8871,1
8872,3
8873,2
8874,2
8875,3
8876,2
8877,2
8878,1
8879,3
8880,3
8881,1
8882,1
8883,2
8884,1
8885,2
8886,3
8887,3
8888,2
8889,3
8890,1
8891,2
8892,3
8893,1
8894,2
8895,1
8896,1
8897,2
8898,1
8899,2
8900,1
8901,2
8902,2
8903,1
8904,2
8905,2
8906,2
8907,3
8908,1
8909,3
8910,3
8911,2
8912,1
8913,1
8914,1
8915,2
8916,2
8917,1
8918,3
8919,1
8920,1
8921,3
8922,1
8923,3
8924,3
8925,1
8926,1
8927,3
8928,2
8929,3
8930,3
8931,3
8932,3
8933,1
8934,2
8935,2
8936,1
8937,1
8938,3
8939,1
8940,1
8941,1
8942,3
8943,3
8944,2
8945,3
8946,1
8947,3
8948,3
8949,2
8950,1
8951,1
8952,2
8953,1
8954,3
8955,2
8956,3
8957,2
8958,3
8959,2
8960,1
8961,3
8962,3
8963,1
8964,1
8965,3
8966,2
8967,1
8968,3
8969,1
8970,3
8971,1
8972,2
8973,1
8974,2
8975,3
8976,2
8977,3
8978,2
8979,2
8980,1
8981,2
8982,1
8983,1
8984,1
8985,2
8986,1
8987,1
8988,2
8989,2
8990,3
8991,2
8992,1
8993,1
8994,3
8995,3
8996,3
8997,3
8998,2
8999,2
9000,3
9001,1
9002,3
9003,1
9004,1
9005,3
9006,3
9007,1
9008,3
9009,2
9010,1
9011,3
9012,2
9013,1
9014,1
9015,3
9016,2
9017,2
9018,1
9019,2
9020,1
9021,2
9022,3
9023,3
9024,3
9025,3
9026,3
9027,1
9028,1
9029,2
9030,3
9031,3
9032,1
9033,3
9034,3
9035,1
9036,2
9037,1
9038,3
9039,2
9040,1
9041,3
9042,3
9043,3
9044,3
9045,1
9046,2
9047,2
9048,1
9049,3
9050,1
9051,1
9052,3
9053,1
9054,3
9055,1
9056,1
9057,2
9058,2
9059,2
9060,1
9061,3
9062,1
9063,3
9064,3
9065,3
9066,2
9067,2
9068,1
9069,3
9070,3
9071,3
9072,2
9073,3
9074,3
9075,3
9076,3
9077,3
9078,3
9079,2
9080,2
9081,3
9082,1
9083,1
9084,3
9085,3
9086,3
9087,1
9088,3
9089,1
9090,1
9091,2
9092,3
9093,3
9094,1
9095,3
9096,3
9097,3
9098,3
9099,3
9100,2
9101,3
9102,3
9103,2
9104,2
9105,3
9106,2
9107,2
9108,1
9109,1
9110,3
9111,2
9112,1
9113,2
9114,2
9115,3
9116,2
9117,3
9118,1
9119,3
9120,3
9121,2
9122,3
9123,2
9124,1
9125,2
9126,3
9127,3
9128,3
9129,3
9130,1
9131,3
9132,3
9133,3
9134,3
9135,1
9136,1
9137,1
9138,3
9139,1
9140,2
9141,2
9142,2
9143,3
9144,2
9145,3
9146,2
9147,1
9148,3
9149,3
9150,2
9151,3
9152,1
9153,3
9154,1
9155,2
9156,2
9157,1
9158,1
9159,1
9160,1
9161,1
9162,1
9163,1
9164,3
9165,2
9166,1
9167,3
9168,2
9169,2
9170,3
9171,3
9172,3
9173,1
9174,2
9175,2
9176,1
9177,2
9178,1
9179,3
9180,2
9181,1
9182,3
9183,1
9184,2
9185,1
9186,2
9187,1
9188,1
9189,3
9190,2
9191,1
9192,1
9193,1
9194,1
9195,2
9196,1
9197,3
9198,2
9199,1
9200,3
9201,3
9202,1
9203,2
9204,3
9205,3
9206,1
9207,3
9208,3
9209,1
9210,1
9211,3
9212,3
9213,2
9214,1
9215,3
9216,1
9217,2
9218,2
9219,1
9220,1
9221,3
9222,1
9223,3
9224,2
9225,1
9226,2
9227,1
9228,2
9229,1
9230,3
9231,1
9232,3
9233,3
9234,2
9235,1
9236,3
9237,2
9238,2
9239,1
9240,3
9241,3
9242,1
9243,1
9244,1
9245,2
9246,1
9247,2
9248,1
9249,3
9250,1
9251,1
9252,2
9253,3
9254,1
9255,1
9256,1
9257,1
9258,1
9259,3
9260,3
9261,3
9262,2
9263,1
9264,2
9265,1
9266,3
9267,3
9268,2
9269,3
9270,3
9271,3
9272,2
9273,1
9274,2
9275,1
9276,3
9277,3
9278,3
9279,3
9280,3
9281,2
9282,3
9283,3
9284,3
9285,2
9286,2
9287,1
9288,2
9289,2
9290,3
9291,2
9292,3
9293,1
9294,1
9295,2
9296,3
9297,3
9298,1
9299,1
9300,3
9301,1
9302,3
9303,3
9304,3
9305,3
9306,2
9307,3
9308,3
9309,3
9310,1
9311,2
9312,1
9313,3
9314,1
9315,1
9316,1
9317,2
9318,3
9319,1
9320,3
9321,3
9322,3
9323,2
9324,3
9325,2
9326,3
9327,2
9328,2
9329,3
9330,3
9331,3
9332,3
9333,3
9334,3
9335,3
9336,1
9337,3
9338,2
9339,3
9340,2
9341,1
9342,3
9343,2
9344,1
9345,3
9346,2
9347,2
9348,3
9349,1
9350,1
9351,3
9352,2
9353,3
9354,1
9355,2
9356,1
9357,2
9358,3
9359,3
9360,1
9361,2
9362,2
9363,3
9364,3
9365,3
9366,3
9367,3
9368,3
9369,3
9370,3
9371,1
9372,3
9373,3
9374,1
9375,1
9376,3
9377,1
9378,3
9379,3
9380,1
9381,3
9382,1
9383,3
9384,2
9385,1
9386,2
9387,3
9388,1
9389,3
9390,1
9391,1
9392,3
9393,3
9394,1
9395,3
9396,1
9397,1
9398,3
9399,3
9400,3
9401,3
9402,3
9403,3
9404,3
9405,3
9406,2
9407,1
9408,2
9409,2
9410,2
9411,3
9412,1
9413,1
9414,3
9415,3
9416,3
9417,1
9418,3
9419,3
9420,3
9421,1
9422,1
9423,3
9424,3
9425,2
9426,3
9427,3
9428,3
9429,3
9430,3
9431,1
9432,3
9433,2
9434,2
9435,3
9436,3
9437,3
9438,3
9439,3
9440,3
9441,3
9442,3
9443,1
9444,2
9445,3
9446,1
9447,3
9448,3
9449,3
9450,1
9451,1
9452,1
9453,3
9454,3
9455,3
9456,3
9457,3
9458,1
9459,3
9460,2
9461,3
9462,2
9463,2
9464,3
9465,3
9466,3
9467,2
9468,3
9469,3
9470,1
9471,3
9472,3
9473,3
9474,3
9475,3
9476,3
9477,2
9478,2
9479,2
9480,3
9481,3
9482,3
9483,1
9484,3
9485,3
9486,3
9487,3
9488,1
9489,3
9490,2
9491,1
9492,3
9493,3
9494,3
9495,1
9496,3
9497,1
9498,3
9499,1
9500,3
9501,1
9502,3
9503,3
9504,2
9505,1
9506,1
9507,1
9508,1
9509,3
9510,1
9511,3
9512,1
9513,1
9514,3
9515,2
9516,2
9517,1
9518,1
9519,3
9520,1
9521,3
9522,2
9523,1
9524,1
9525,3
9526,3
9527,3
9528,1
9529,3
9530,3
9531,1
9532,3
9533,1
9534,1
9535,1
9536,1
9537,3
9538,3
9539,3
9540,2
9541,2
9542,1
9543,1
9544,1
9545,1
9546,3
9547,3
9548,3
9549,3
9550,1
9551,2
9552,1
9553,1
9554,1
9555,2
9556,3
9557,1
9558,3
9559,3
9560,3
9561,1
9562,3
9563,1
9564,3
9565,3
9566,1
9567,3
9568,2
9569,3
9570,3
9571,3
9572,1
9573,2
9574,1
9575,3
9576,3
9577,3
9578,3
9579,1
9580,3
9581,2
9582,3
9583,3
9584,3
9585,3
9586,3
9587,1
9588,3
9589,2
9590,1
9591,3
9592,3
9593,3
9594,3
9595,3
9596,2
9597,3
9598,1
9599,1
9600,3
9601,1
9602,2
9603,1
9604,3
9605,3
9606,3
9607,3
9608,2
9609,3
9610,2
9611,2
9612,3
9613,1
9614,2
9615,1
9616,3
9617,3
9618,3
9619,2
9620,3
9621,1
9622,3
9623,3
9624,1
9625,2
9626,1
9627,3
9628,2
9629,1
9630,1
9631,2
9632,2
9633,2
9634,3
9635,3
9636,1
9637,3
9638,2
9639,3
9640,2
9641,3
9642,1
9643,1
9644,3
9645,1
9646,1
9647,2
9648,1
9649,1
9650,1
9651,3
9652,2
9653,1
9654,2
9655,1
9656,1
9657,1
9658,3
9659,1
9660,2
9661,2
9662,1
9663,3
9664,2
9665,2
9666,3
9667,2
9668,3
9669,1
9670,3
9671,3
9672,3
9673,1
9674,2
9675,3
9676,1
9677,2
9678,3
9679,1
9680,3
9681,2
9682,3
9683,1
9684,2
9685,2
9686,2
9687,1
9688,1
9689,3
9690,3
9691,1
9692,3
9693,1
9694,3
9695,1
9696,2
9697,1
9698,2
9699,1
9700,1
9701,2
9702,2
9703,2
9704,3
9705,3
9706,1
9707,3
9708,2
9709,1
9710,3
9711,2
9712,1
9713,2
9714,2
9715,1
9716,1
9717,3
9718,2
9719,1
9720,1
9721,3
9722,1
9723,3
9724,1
9725,1
9726,2
9727,1
9728,2
9729,2
9730,3
9731,3
9732,3
9733,2
9734,3
9735,1
9736,1
9737,3
9738,3
9739,2
9740,1
9741,1
9742,2
9743,3
9744,3
9745,1
9746,3
9747,3
9748,2
9749,2
9750,2
9751,2
9752,3
9753,3
9754,2
9755,2
9756,1
9757,2
9758,1
9759,3
9760,2
9761,3
9762,3
9763,1
9764,3
9765,2
9766,3
9767,2
9768,3
9769,1
9770,1
9771,3
9772,3
9773,1
9774,2
9775,3
9776,1
9777,1
9778,2
9779,3
9780,2
9781,2
9782,3
9783,2
9784,3
9785,3
9786,1
9787,3
9788,3
9789,1
9790,3
9791,2
9792,1
9793,2
9794,2
9795,1
9796,2
9797,1
9798,1
9799,2
9800,1
9801,3
9802,3
9803,3
9804,2
9805,1
9806,2
9807,1
9808,3
9809,1
9810,1
9811,1
9812,1
9813,1
9814,3
9815,1
9816,3
9817,1
9818,1
9819,2
9820,2
9821,1
9822,3
9823,3
